"LON","LAT","YEAR","MM","DD","DOY","YYYYMMDD","QV2M","T2M","T2MWET","WS2M","ALLSKY_SFC_UV_INDEX","T2MDEW","TS","ALLSKY_SFC_UVB","ALLSKY_SFC_UVA","T2M_RANGE","RH2M","CLRSKY_SFC_SW_DWN"
-97.697313,30.251707,2004,8,18,231,2004-08-18,13.49,27.56,23,2.58,2.1,18.44,29.11,0.42,15.96,15.38,62.44,7.23
-97.672401,30.328069,2004,8,18,231,2004-08-18,13.49,27.56,23,2.58,2.1,18.44,29.11,0.42,15.96,15.38,62.44,7.23
-97.721013,30.236494,2004,8,18,231,2004-08-18,14.59,27.23,23.51,2.4,2.1,19.79,28.55,0.42,15.96,13.95,67.62,7.23
-97.719236,30.373732,2004,8,18,231,2004-08-18,13.49,27.56,23,2.58,2.1,18.44,29.11,0.42,15.96,15.38,62.44,7.23
-97.740475,30.279196,2004,8,18,231,2004-08-18,13.49,27.56,23,2.58,2.1,18.44,29.11,0.42,15.96,15.38,62.44,7.23
-97.693197,30.333648,2004,8,18,231,2004-08-18,13.49,27.56,23,2.58,2.1,18.44,29.11,0.42,15.96,15.38,62.44,7.23
-97.83946,30.199823,2004,8,18,231,2004-08-18,14.34,27.09,23.19,2.7,2.1,19.3,28.58,0.42,15.96,12.88,65.75,7.23
-97.719969,30.383929,2004,8,18,231,2004-08-18,13.49,27.56,23,2.58,2.1,18.44,29.11,0.42,15.96,15.38,62.44,7.23
-97.72322,30.387013,2004,8,18,231,2004-08-18,13.49,27.56,23,2.58,2.1,18.44,29.11,0.42,15.96,15.38,62.44,7.23
-97.660723,30.439117,2004,8,18,231,2004-08-18,13.49,27.56,23,2.58,2.1,18.44,29.11,0.42,15.96,15.38,62.44,7.23
-97.789446,30.13716,2004,8,18,231,2004-08-18,14.59,27.23,23.51,2.4,2.1,19.79,28.55,0.42,15.96,13.95,67.62,7.23
-97.658664,30.391445,2004,8,18,231,2004-08-18,13.49,27.56,23,2.58,2.1,18.44,29.11,0.42,15.96,15.38,62.44,7.23
-97.730039,30.269495,2004,8,18,231,2004-08-18,13.49,27.56,23,2.58,2.1,18.44,29.11,0.42,15.96,15.38,62.44,7.23
-97.7159,30.27021,2004,8,18,231,2004-08-18,13.49,27.56,23,2.58,2.1,18.44,29.11,0.42,15.96,15.38,62.44,7.23
-97.708826,30.395613,2004,8,18,231,2004-08-18,13.49,27.56,23,2.58,2.1,18.44,29.11,0.42,15.96,15.38,62.44,7.23
-97.744138,30.283035,2004,8,18,231,2004-08-18,13.49,27.56,23,2.58,2.1,18.44,29.11,0.42,15.96,15.38,62.44,7.23
-97.789693,30.463564,2004,8,18,231,2004-08-18,13.49,27.56,23,2.58,2.1,18.44,29.11,0.42,15.96,15.38,62.44,7.23
-97.755153,30.276563,2004,8,18,231,2004-08-18,13.49,27.56,23,2.58,2.1,18.44,29.11,0.42,15.96,15.38,62.44,7.23
-97.742085,30.308159,2004,8,18,231,2004-08-18,13.49,27.56,23,2.58,2.1,18.44,29.11,0.42,15.96,15.38,62.44,7.23
-97.760061,30.433813,2004,8,18,231,2004-08-18,13.49,27.56,23,2.58,2.1,18.44,29.11,0.42,15.96,15.38,62.44,7.23
-97.77588,30.281884,2004,8,18,231,2004-08-18,13.49,27.56,23,2.58,2.1,18.44,29.11,0.42,15.96,15.38,62.44,7.23
-97.709977,30.39783,2004,8,18,231,2004-08-18,13.49,27.56,23,2.58,2.1,18.44,29.11,0.42,15.96,15.38,62.44,7.23
-97.70089,30.228943,2004,8,18,231,2004-08-18,14.59,27.23,23.51,2.4,2.1,19.79,28.55,0.42,15.96,13.95,67.62,7.23
-97.743679,30.287586,2004,8,18,231,2004-08-18,13.49,27.56,23,2.58,2.1,18.44,29.11,0.42,15.96,15.38,62.44,7.23
-97.705623,30.285099,2004,8,18,231,2004-08-18,13.49,27.56,23,2.58,2.1,18.44,29.11,0.42,15.96,15.38,62.44,7.23
-97.743904,30.234768,2004,8,18,231,2004-08-18,14.59,27.23,23.51,2.4,2.1,19.79,28.55,0.42,15.96,13.95,67.62,7.23
-97.740561,30.280208,2004,8,18,231,2004-08-18,13.49,27.56,23,2.58,2.1,18.44,29.11,0.42,15.96,15.38,62.44,7.23
-97.841532,30.179572,2004,8,18,231,2004-08-18,14.34,27.09,23.19,2.7,2.1,19.3,28.58,0.42,15.96,12.88,65.75,7.23
-97.814159,30.260232,2004,8,18,231,2004-08-18,13.49,27.26,22.72,2.74,2.1,18.17,28.74,0.42,15.96,14.34,61.56,7.23
-97.74316,30.268155,2004,8,18,231,2004-08-18,13.49,27.56,23,2.58,2.1,18.44,29.11,0.42,15.96,15.38,62.44,7.23
-97.763893,30.274122,2004,8,18,231,2004-08-18,13.49,27.56,23,2.58,2.1,18.44,29.11,0.42,15.96,15.38,62.44,7.23
-97.743907,30.217491,2004,8,18,231,2004-08-18,14.59,27.23,23.51,2.4,2.1,19.79,28.55,0.42,15.96,13.95,67.62,7.23
-97.70474,30.343848,2004,8,18,231,2004-08-18,13.49,27.56,23,2.58,2.1,18.44,29.11,0.42,15.96,15.38,62.44,7.23
-97.821099,30.173698,2004,8,18,231,2004-08-18,14.34,27.09,23.19,2.7,2.1,19.3,28.58,0.42,15.96,12.88,65.75,7.23
-97.721351,30.382515,2004,8,18,231,2004-08-18,13.49,27.56,23,2.58,2.1,18.44,29.11,0.42,15.96,15.38,62.44,7.23
-97.691866,30.372212,2004,8,18,231,2004-08-18,13.49,27.56,23,2.58,2.1,18.44,29.11,0.42,15.96,15.38,62.44,7.23
-97.643006,30.401193,2004,8,18,231,2004-08-18,13.49,27.56,23,2.58,2.1,18.44,29.11,0.42,15.96,15.38,62.44,7.23
-97.707197,30.39417,2004,8,18,231,2004-08-18,13.49,27.56,23,2.58,2.1,18.44,29.11,0.42,15.96,15.38,62.44,7.23
-97.714302,30.377034,2004,8,18,231,2004-08-18,13.49,27.56,23,2.58,2.1,18.44,29.11,0.42,15.96,15.38,62.44,7.23
-97.68884,30.222677,2004,8,18,231,2004-08-18,14.59,27.23,23.51,2.4,2.1,19.79,28.55,0.42,15.96,13.95,67.62,7.23
-97.663126,30.44057,2004,8,18,231,2004-08-18,13.49,27.56,23,2.58,2.1,18.44,29.11,0.42,15.96,15.38,62.44,7.23
-97.753721,30.238636,2004,8,18,231,2004-08-18,14.59,27.23,23.51,2.4,2.1,19.79,28.55,0.42,15.96,13.95,67.62,7.23
-97.704872,30.353889,2004,8,18,231,2004-08-18,13.49,27.56,23,2.58,2.1,18.44,29.11,0.42,15.96,15.38,62.44,7.23
-97.757094,30.424533,2004,8,18,231,2004-08-18,13.49,27.56,23,2.58,2.1,18.44,29.11,0.42,15.96,15.38,62.44,7.23
-97.61374,30.34706,2004,8,18,231,2004-08-18,13.49,27.56,23,2.58,2.1,18.44,29.11,0.42,15.96,15.38,62.44,7.23
-97.740586,30.263719,2004,8,18,231,2004-08-18,13.49,27.56,23,2.58,2.1,18.44,29.11,0.42,15.96,15.38,62.44,7.23
-97.744593,30.214564,2004,8,18,231,2004-08-18,14.59,27.23,23.51,2.4,2.1,19.79,28.55,0.42,15.96,13.95,67.62,7.23
-97.751485,30.418584,2004,8,18,231,2004-08-18,13.49,27.56,23,2.58,2.1,18.44,29.11,0.42,15.96,15.38,62.44,7.23
-97.771746,30.434879,2004,8,18,231,2004-08-18,13.49,27.56,23,2.58,2.1,18.44,29.11,0.42,15.96,15.38,62.44,7.23
-97.684962,30.269917,2004,8,18,231,2004-08-18,13.49,27.56,23,2.58,2.1,18.44,29.11,0.42,15.96,15.38,62.44,7.23
-97.76506,30.43246,2004,8,18,231,2004-08-18,13.49,27.56,23,2.58,2.1,18.44,29.11,0.42,15.96,15.38,62.44,7.23
-97.729361,30.26299,2004,8,18,231,2004-08-18,13.49,27.56,23,2.58,2.1,18.44,29.11,0.42,15.96,15.38,62.44,7.23
-97.764936,30.276139,2004,8,18,231,2004-08-18,13.49,27.56,23,2.58,2.1,18.44,29.11,0.42,15.96,15.38,62.44,7.23
-97.704243,30.411948,2004,8,18,231,2004-08-18,13.49,27.56,23,2.58,2.1,18.44,29.11,0.42,15.96,15.38,62.44,7.23
-97.746664,30.283799,2004,8,18,231,2004-08-18,13.49,27.56,23,2.58,2.1,18.44,29.11,0.42,15.96,15.38,62.44,7.23
-97.788916,30.167208,2004,8,18,231,2004-08-18,14.59,27.23,23.51,2.4,2.1,19.79,28.55,0.42,15.96,13.95,67.62,7.23
-97.709196,30.388155,2004,8,18,231,2004-08-18,13.49,27.56,23,2.58,2.1,18.44,29.11,0.42,15.96,15.38,62.44,7.23
-97.709674,30.390004,2004,8,18,231,2004-08-18,13.49,27.56,23,2.58,2.1,18.44,29.11,0.42,15.96,15.38,62.44,7.23
-97.672522,30.351061,2004,8,18,231,2004-08-18,13.49,27.56,23,2.58,2.1,18.44,29.11,0.42,15.96,15.38,62.44,7.23
-97.728341,30.272421,2004,8,18,231,2004-08-18,13.49,27.56,23,2.58,2.1,18.44,29.11,0.42,15.96,15.38,62.44,7.23
-97.744323,30.254362,2004,8,18,231,2004-08-18,13.49,27.56,23,2.58,2.1,18.44,29.11,0.42,15.96,15.38,62.44,7.23
-97.760356,30.229453,2004,8,18,231,2004-08-18,14.59,27.23,23.51,2.4,2.1,19.79,28.55,0.42,15.96,13.95,67.62,7.23
-97.766413,30.252353,2004,8,18,231,2004-08-18,13.49,27.56,23,2.58,2.1,18.44,29.11,0.42,15.96,15.38,62.44,7.23
-97.668644,30.333373,2004,8,18,231,2004-08-18,13.49,27.56,23,2.58,2.1,18.44,29.11,0.42,15.96,15.38,62.44,7.23
-97.681262,30.336185,2004,8,18,231,2004-08-18,13.49,27.56,23,2.58,2.1,18.44,29.11,0.42,15.96,15.38,62.44,7.23
-97.746566,30.303583,2004,8,18,231,2004-08-18,13.49,27.56,23,2.58,2.1,18.44,29.11,0.42,15.96,15.38,62.44,7.23
-97.708754,30.391454,2004,8,18,231,2004-08-18,13.49,27.56,23,2.58,2.1,18.44,29.11,0.42,15.96,15.38,62.44,7.23
-97.739838,30.215535,2004,8,18,231,2004-08-18,14.59,27.23,23.51,2.4,2.1,19.79,28.55,0.42,15.96,13.95,67.62,7.23
-97.717118,30.321173,2004,8,18,231,2004-08-18,13.49,27.56,23,2.58,2.1,18.44,29.11,0.42,15.96,15.38,62.44,7.23
-97.71739,30.327415,2004,8,18,231,2004-08-18,13.49,27.56,23,2.58,2.1,18.44,29.11,0.42,15.96,15.38,62.44,7.23
-97.704933,30.416968,2004,8,18,231,2004-08-18,13.49,27.56,23,2.58,2.1,18.44,29.11,0.42,15.96,15.38,62.44,7.23
-97.767165,30.249209,2004,8,18,231,2004-08-18,14.59,27.23,23.51,2.4,2.1,19.79,28.55,0.42,15.96,13.95,67.62,7.23
-97.713265,30.390108,2004,8,18,231,2004-08-18,13.49,27.56,23,2.58,2.1,18.44,29.11,0.42,15.96,15.38,62.44,7.23
-97.740578,30.268452,2004,8,18,231,2004-08-18,13.49,27.56,23,2.58,2.1,18.44,29.11,0.42,15.96,15.38,62.44,7.23
-97.767665,30.253149,2004,8,18,231,2004-08-18,13.49,27.56,23,2.58,2.1,18.44,29.11,0.42,15.96,15.38,62.44,7.23
-97.663303,30.41432,2004,8,18,231,2004-08-18,13.49,27.56,23,2.58,2.1,18.44,29.11,0.42,15.96,15.38,62.44,7.23
-97.792947,30.457039,2004,8,18,231,2004-08-18,13.49,27.56,23,2.58,2.1,18.44,29.11,0.42,15.96,15.38,62.44,7.23
-97.690725,30.334981,2004,8,18,231,2004-08-18,13.49,27.56,23,2.58,2.1,18.44,29.11,0.42,15.96,15.38,62.44,7.23
-97.73053,30.31094,2004,8,18,231,2004-08-18,13.49,27.56,23,2.58,2.1,18.44,29.11,0.42,15.96,15.38,62.44,7.23
-97.746737,30.288398,2004,8,18,231,2004-08-18,13.49,27.56,23,2.58,2.1,18.44,29.11,0.42,15.96,15.38,62.44,7.23
-97.706088,30.414401,2004,8,18,231,2004-08-18,13.49,27.56,23,2.58,2.1,18.44,29.11,0.42,15.96,15.38,62.44,7.23
-97.706314,30.344268,2004,8,18,231,2004-08-18,13.49,27.56,23,2.58,2.1,18.44,29.11,0.42,15.96,15.38,62.44,7.23
-97.738833,30.213239,2004,8,18,231,2004-08-18,14.59,27.23,23.51,2.4,2.1,19.79,28.55,0.42,15.96,13.95,67.62,7.23
-97.699344,30.433066,2004,8,18,231,2004-08-18,13.49,27.56,23,2.58,2.1,18.44,29.11,0.42,15.96,15.38,62.44,7.23
-97.718331,30.394269,2004,8,18,231,2004-08-18,13.49,27.56,23,2.58,2.1,18.44,29.11,0.42,15.96,15.38,62.44,7.23
-97.749965,30.244802,2004,8,18,231,2004-08-18,14.59,27.23,23.51,2.4,2.1,19.79,28.55,0.42,15.96,13.95,67.62,7.23
-97.69614,30.439916,2004,8,18,231,2004-08-18,13.49,27.56,23,2.58,2.1,18.44,29.11,0.42,15.96,15.38,62.44,7.23
-97.75066,30.246944,2004,8,18,231,2004-08-18,14.59,27.23,23.51,2.4,2.1,19.79,28.55,0.42,15.96,13.95,67.62,7.23
-97.795842,30.288276,2004,8,18,231,2004-08-18,13.49,27.56,23,2.58,2.1,18.44,29.11,0.42,15.96,15.38,62.44,7.23
-97.720281,30.25973,2004,8,18,231,2004-08-18,13.49,27.56,23,2.58,2.1,18.44,29.11,0.42,15.96,15.38,62.44,7.23
-97.74285,30.285572,2004,8,18,231,2004-08-18,13.49,27.56,23,2.58,2.1,18.44,29.11,0.42,15.96,15.38,62.44,7.23
-97.71964,30.421114,2004,8,18,231,2004-08-18,13.49,27.56,23,2.58,2.1,18.44,29.11,0.42,15.96,15.38,62.44,7.23
-97.688909,30.412512,2004,8,18,231,2004-08-18,13.49,27.56,23,2.58,2.1,18.44,29.11,0.42,15.96,15.38,62.44,7.23
-97.744759,30.407341,2004,8,18,231,2004-08-18,13.49,27.56,23,2.58,2.1,18.44,29.11,0.42,15.96,15.38,62.44,7.23
-97.75421,30.439339,2004,8,18,231,2004-08-18,13.49,27.56,23,2.58,2.1,18.44,29.11,0.42,15.96,15.38,62.44,7.23
-97.715704,30.38943,2004,8,18,231,2004-08-18,13.49,27.56,23,2.58,2.1,18.44,29.11,0.42,15.96,15.38,62.44,7.23
-97.749295,30.288566,2004,8,18,231,2004-08-18,13.49,27.56,23,2.58,2.1,18.44,29.11,0.42,15.96,15.38,62.44,7.23
-97.674991,30.343828,2004,8,18,231,2004-08-18,13.49,27.56,23,2.58,2.1,18.44,29.11,0.42,15.96,15.38,62.44,7.23
-97.82349,30.174458,2004,8,18,231,2004-08-18,14.34,27.09,23.19,2.7,2.1,19.3,28.58,0.42,15.96,12.88,65.75,7.23
-97.712312,30.38814,2004,8,18,231,2004-08-18,13.49,27.56,23,2.58,2.1,18.44,29.11,0.42,15.96,15.38,62.44,7.23
-97.763589,30.219403,2004,8,18,231,2004-08-18,14.59,27.23,23.51,2.4,2.1,19.79,28.55,0.42,15.96,13.95,67.62,7.23
-97.762965,30.228897,2004,8,18,231,2004-08-18,14.59,27.23,23.51,2.4,2.1,19.79,28.55,0.42,15.96,13.95,67.62,7.23
-97.800382,30.171684,2004,8,18,231,2004-08-18,14.59,27.23,23.51,2.4,2.1,19.79,28.55,0.42,15.96,13.95,67.62,7.23
-97.687241,30.3804,2004,8,18,231,2004-08-18,13.49,27.56,23,2.58,2.1,18.44,29.11,0.42,15.96,15.38,62.44,7.23
-97.741293,30.267632,2004,8,18,231,2004-08-18,13.49,27.56,23,2.58,2.1,18.44,29.11,0.42,15.96,15.38,62.44,7.23
-97.72286,30.404888,2004,8,18,231,2004-08-18,13.49,27.56,23,2.58,2.1,18.44,29.11,0.42,15.96,15.38,62.44,7.23
-97.749603,30.249767,2004,8,18,231,2004-08-18,14.59,27.23,23.51,2.4,2.1,19.79,28.55,0.42,15.96,13.95,67.62,7.23
-97.713603,30.381274,2004,8,18,231,2004-08-18,13.49,27.56,23,2.58,2.1,18.44,29.11,0.42,15.96,15.38,62.44,7.23
-97.722773,30.385251,2004,8,18,231,2004-08-18,13.49,27.56,23,2.58,2.1,18.44,29.11,0.42,15.96,15.38,62.44,7.23
-97.772588,30.43958,2004,8,18,231,2004-08-18,13.49,27.56,23,2.58,2.1,18.44,29.11,0.42,15.96,15.38,62.44,7.23
-97.70099,30.402636,2004,8,18,231,2004-08-18,13.49,27.56,23,2.58,2.1,18.44,29.11,0.42,15.96,15.38,62.44,7.23
-97.764509,30.219831,2004,8,18,231,2004-08-18,14.59,27.23,23.51,2.4,2.1,19.79,28.55,0.42,15.96,13.95,67.62,7.23
-97.709287,30.398897,2004,8,18,231,2004-08-18,13.49,27.56,23,2.58,2.1,18.44,29.11,0.42,15.96,15.38,62.44,7.23
-97.717628,30.383232,2004,8,18,231,2004-08-18,13.49,27.56,23,2.58,2.1,18.44,29.11,0.42,15.96,15.38,62.44,7.23
-97.750112,30.248411,2004,8,18,231,2004-08-18,14.59,27.23,23.51,2.4,2.1,19.79,28.55,0.42,15.96,13.95,67.62,7.23
-97.745039,30.306075,2004,8,18,231,2004-08-18,13.49,27.56,23,2.58,2.1,18.44,29.11,0.42,15.96,15.38,62.44,7.23
-97.798707,30.229734,2004,8,18,231,2004-08-18,14.59,27.23,23.51,2.4,2.1,19.79,28.55,0.42,15.96,13.95,67.62,7.23
-97.70673,30.386978,2004,8,18,231,2004-08-18,13.49,27.56,23,2.58,2.1,18.44,29.11,0.42,15.96,15.38,62.44,7.23
-97.730592,30.363944,2004,8,18,231,2004-08-18,13.49,27.56,23,2.58,2.1,18.44,29.11,0.42,15.96,15.38,62.44,7.23
-97.687693,30.313828,2004,8,18,231,2004-08-18,13.49,27.56,23,2.58,2.1,18.44,29.11,0.42,15.96,15.38,62.44,7.23
-97.749191,30.289818,2004,8,18,231,2004-08-18,13.49,27.56,23,2.58,2.1,18.44,29.11,0.42,15.96,15.38,62.44,7.23
-97.702029,30.325521,2004,8,18,231,2004-08-18,13.49,27.56,23,2.58,2.1,18.44,29.11,0.42,15.96,15.38,62.44,7.23
-97.824232,30.17377,2004,8,18,231,2004-08-18,14.34,27.09,23.19,2.7,2.1,19.3,28.58,0.42,15.96,12.88,65.75,7.23
-97.706314,30.344268,2004,8,18,231,2004-08-18,13.49,27.56,23,2.58,2.1,18.44,29.11,0.42,15.96,15.38,62.44,7.23
-97.639371,30.361418,2004,8,18,231,2004-08-18,13.49,27.56,23,2.58,2.1,18.44,29.11,0.42,15.96,15.38,62.44,7.23
-97.735132,30.231107,2004,8,18,231,2004-08-18,14.59,27.23,23.51,2.4,2.1,19.79,28.55,0.42,15.96,13.95,67.62,7.23
-97.752443,30.276158,2004,8,18,231,2004-08-18,13.49,27.56,23,2.58,2.1,18.44,29.11,0.42,15.96,15.38,62.44,7.23
-97.742512,30.276015,2004,8,18,231,2004-08-18,13.49,27.56,23,2.58,2.1,18.44,29.11,0.42,15.96,15.38,62.44,7.23
-97.786656,30.173486,2004,8,18,231,2004-08-18,14.59,27.23,23.51,2.4,2.1,19.79,28.55,0.42,15.96,13.95,67.62,7.23
-97.642067,30.398176,2004,8,18,231,2004-08-18,13.49,27.56,23,2.58,2.1,18.44,29.11,0.42,15.96,15.38,62.44,7.23
-97.693027,30.382151,2004,8,18,231,2004-08-18,13.49,27.56,23,2.58,2.1,18.44,29.11,0.42,15.96,15.38,62.44,7.23
-97.772132,30.435968,2004,8,18,231,2004-08-18,13.49,27.56,23,2.58,2.1,18.44,29.11,0.42,15.96,15.38,62.44,7.23
-97.678768,30.404643,2004,8,18,231,2004-08-18,13.49,27.56,23,2.58,2.1,18.44,29.11,0.42,15.96,15.38,62.44,7.23
-97.688723,30.433716,2004,8,18,231,2004-08-18,13.49,27.56,23,2.58,2.1,18.44,29.11,0.42,15.96,15.38,62.44,7.23
-97.743191,30.325208,2004,8,18,231,2004-08-18,13.49,27.56,23,2.58,2.1,18.44,29.11,0.42,15.96,15.38,62.44,7.23
-97.724565,30.270157,2004,8,18,231,2004-08-18,13.49,27.56,23,2.58,2.1,18.44,29.11,0.42,15.96,15.38,62.44,7.23
-97.745464,30.280947,2004,8,18,231,2004-08-18,13.49,27.56,23,2.58,2.1,18.44,29.11,0.42,15.96,15.38,62.44,7.23
-97.655112,30.214141,2004,8,18,231,2004-08-18,14.59,27.23,23.51,2.4,2.1,19.79,28.55,0.42,15.96,13.95,67.62,7.23
-97.709428,30.350732,2004,8,18,231,2004-08-18,13.49,27.56,23,2.58,2.1,18.44,29.11,0.42,15.96,15.38,62.44,7.23
-97.753386,30.411675,2004,8,18,231,2004-08-18,13.49,27.56,23,2.58,2.1,18.44,29.11,0.42,15.96,15.38,62.44,7.23
-97.716932,30.385677,2004,8,18,231,2004-08-18,13.49,27.56,23,2.58,2.1,18.44,29.11,0.42,15.96,15.38,62.44,7.23
-97.750723,30.288386,2004,8,18,231,2004-08-18,13.49,27.56,23,2.58,2.1,18.44,29.11,0.42,15.96,15.38,62.44,7.23
-97.729717,30.362014,2004,8,18,231,2004-08-18,13.49,27.56,23,2.58,2.1,18.44,29.11,0.42,15.96,15.38,62.44,7.23
-97.713401,30.381178,2004,8,18,231,2004-08-18,13.49,27.56,23,2.58,2.1,18.44,29.11,0.42,15.96,15.38,62.44,7.23
-97.689832,30.221781,2004,8,18,231,2004-08-18,14.59,27.23,23.51,2.4,2.1,19.79,28.55,0.42,15.96,13.95,67.62,7.23
-97.773061,30.436432,2004,8,18,231,2004-08-18,13.49,27.56,23,2.58,2.1,18.44,29.11,0.42,15.96,15.38,62.44,7.23
-97.753742,30.238609,2004,8,18,231,2004-08-18,14.59,27.23,23.51,2.4,2.1,19.79,28.55,0.42,15.96,13.95,67.62,7.23
-97.697526,30.272293,2004,8,18,231,2004-08-18,13.49,27.56,23,2.58,2.1,18.44,29.11,0.42,15.96,15.38,62.44,7.23
-97.82271,30.28156,2004,8,18,231,2004-08-18,13.49,27.26,22.72,2.74,2.1,18.17,28.74,0.42,15.96,14.34,61.56,7.23
-97.804455,30.185737,2004,8,18,231,2004-08-18,14.59,27.23,23.51,2.4,2.1,19.79,28.55,0.42,15.96,13.95,67.62,7.23
-97.790237,30.4497,2004,8,18,231,2004-08-18,13.49,27.56,23,2.58,2.1,18.44,29.11,0.42,15.96,15.38,62.44,7.23
-97.678986,30.257018,2004,8,18,231,2004-08-18,13.49,27.56,23,2.58,2.1,18.44,29.11,0.42,15.96,15.38,62.44,7.23
-97.71009,30.389389,2004,8,18,231,2004-08-18,13.49,27.56,23,2.58,2.1,18.44,29.11,0.42,15.96,15.38,62.44,7.23
-97.733029,30.392147,2004,8,18,231,2004-08-18,13.49,27.56,23,2.58,2.1,18.44,29.11,0.42,15.96,15.38,62.44,7.23
-97.717781,30.381504,2004,8,18,231,2004-08-18,13.49,27.56,23,2.58,2.1,18.44,29.11,0.42,15.96,15.38,62.44,7.23
-97.770494,30.248277,2004,8,18,231,2004-08-18,14.59,27.23,23.51,2.4,2.1,19.79,28.55,0.42,15.96,13.95,67.62,7.23
-97.673901,30.351703,2004,8,18,231,2004-08-18,13.49,27.56,23,2.58,2.1,18.44,29.11,0.42,15.96,15.38,62.44,7.23
-97.675319,30.345423,2004,8,18,231,2004-08-18,13.49,27.56,23,2.58,2.1,18.44,29.11,0.42,15.96,15.38,62.44,7.23
-97.667952,30.429877,2004,8,18,231,2004-08-18,13.49,27.56,23,2.58,2.1,18.44,29.11,0.42,15.96,15.38,62.44,7.23
-97.749092,30.308037,2004,8,18,231,2004-08-18,13.49,27.56,23,2.58,2.1,18.44,29.11,0.42,15.96,15.38,62.44,7.23
-97.670265,30.333336,2004,8,18,231,2004-08-18,13.49,27.56,23,2.58,2.1,18.44,29.11,0.42,15.96,15.38,62.44,7.23
-97.708443,30.361618,2004,8,18,231,2004-08-18,13.49,27.56,23,2.58,2.1,18.44,29.11,0.42,15.96,15.38,62.44,7.23
-97.837366,30.298771,2004,8,18,231,2004-08-18,13.49,27.26,22.72,2.74,2.1,18.17,28.74,0.42,15.96,14.34,61.56,7.23
-97.757242,30.260635,2004,8,18,231,2004-08-18,13.49,27.56,23,2.58,2.1,18.44,29.11,0.42,15.96,15.38,62.44,7.23
-97.744358,30.263871,2004,8,18,231,2004-08-18,13.49,27.56,23,2.58,2.1,18.44,29.11,0.42,15.96,15.38,62.44,7.23
-97.717781,30.381504,2004,8,18,231,2004-08-18,13.49,27.56,23,2.58,2.1,18.44,29.11,0.42,15.96,15.38,62.44,7.23
-97.713949,30.385766,2004,8,18,231,2004-08-18,13.49,27.56,23,2.58,2.1,18.44,29.11,0.42,15.96,15.38,62.44,7.23
-97.761589,30.255909,2004,8,18,231,2004-08-18,13.49,27.56,23,2.58,2.1,18.44,29.11,0.42,15.96,15.38,62.44,7.23
-97.741965,30.283744,2004,8,18,231,2004-08-18,13.49,27.56,23,2.58,2.1,18.44,29.11,0.42,15.96,15.38,62.44,7.23
-97.712249,30.383338,2004,8,18,231,2004-08-18,13.49,27.56,23,2.58,2.1,18.44,29.11,0.42,15.96,15.38,62.44,7.23
-97.720252,30.383488,2004,8,18,231,2004-08-18,13.49,27.56,23,2.58,2.1,18.44,29.11,0.42,15.96,15.38,62.44,7.23
-97.68842,30.333876,2004,8,18,231,2004-08-18,13.49,27.56,23,2.58,2.1,18.44,29.11,0.42,15.96,15.38,62.44,7.23
-97.801476,30.139972,2004,8,18,231,2004-08-18,14.59,27.23,23.51,2.4,2.1,19.79,28.55,0.42,15.96,13.95,67.62,7.23
-97.687311,30.339257,2004,8,18,231,2004-08-18,13.49,27.56,23,2.58,2.1,18.44,29.11,0.42,15.96,15.38,62.44,7.23
-97.670245,30.371763,2004,8,18,231,2004-08-18,13.49,27.56,23,2.58,2.1,18.44,29.11,0.42,15.96,15.38,62.44,7.23
-97.759233,30.431561,2004,8,18,231,2004-08-18,13.49,27.56,23,2.58,2.1,18.44,29.11,0.42,15.96,15.38,62.44,7.23
-97.681297,30.254577,2004,8,18,231,2004-08-18,13.49,27.56,23,2.58,2.1,18.44,29.11,0.42,15.96,15.38,62.44,7.23
-97.749613,30.400711,2004,8,18,231,2004-08-18,13.49,27.56,23,2.58,2.1,18.44,29.11,0.42,15.96,15.38,62.44,7.23
-97.69787,30.415092,2004,8,18,231,2004-08-18,13.49,27.56,23,2.58,2.1,18.44,29.11,0.42,15.96,15.38,62.44,7.23
-97.741166,30.323204,2004,8,18,231,2004-08-18,13.49,27.56,23,2.58,2.1,18.44,29.11,0.42,15.96,15.38,62.44,7.23
-97.710849,30.378193,2004,8,18,231,2004-08-18,13.49,27.56,23,2.58,2.1,18.44,29.11,0.42,15.96,15.38,62.44,7.23
-97.738551,30.272353,2004,8,18,231,2004-08-18,13.49,27.56,23,2.58,2.1,18.44,29.11,0.42,15.96,15.38,62.44,7.23
-97.736326,30.390347,2004,8,18,231,2004-08-18,13.49,27.56,23,2.58,2.1,18.44,29.11,0.42,15.96,15.38,62.44,7.23
-97.768127,30.216298,2004,8,18,231,2004-08-18,14.59,27.23,23.51,2.4,2.1,19.79,28.55,0.42,15.96,13.95,67.62,7.23
-97.746304,30.418376,2004,8,18,231,2004-08-18,13.49,27.56,23,2.58,2.1,18.44,29.11,0.42,15.96,15.38,62.44,7.23
-97.768839,30.245793,2004,8,18,231,2004-08-18,14.59,27.23,23.51,2.4,2.1,19.79,28.55,0.42,15.96,13.95,67.62,7.23
-97.716543,30.389252,2004,8,18,231,2004-08-18,13.49,27.56,23,2.58,2.1,18.44,29.11,0.42,15.96,15.38,62.44,7.23
-97.688431,30.312412,2004,8,18,231,2004-08-18,13.49,27.56,23,2.58,2.1,18.44,29.11,0.42,15.96,15.38,62.44,7.23
-97.741285,30.26763,2004,8,18,231,2004-08-18,13.49,27.56,23,2.58,2.1,18.44,29.11,0.42,15.96,15.38,62.44,7.23
-97.711217,30.393094,2004,8,18,231,2004-08-18,13.49,27.56,23,2.58,2.1,18.44,29.11,0.42,15.96,15.38,62.44,7.23
-97.745136,30.283038,2004,8,18,231,2004-08-18,13.49,27.56,23,2.58,2.1,18.44,29.11,0.42,15.96,15.38,62.44,7.23
-97.742952,30.289583,2004,8,18,231,2004-08-18,13.49,27.56,23,2.58,2.1,18.44,29.11,0.42,15.96,15.38,62.44,7.23
-97.675992,30.259591,2004,8,18,231,2004-08-18,13.49,27.56,23,2.58,2.1,18.44,29.11,0.42,15.96,15.38,62.44,7.23
-97.754498,30.271746,2004,8,18,231,2004-08-18,13.49,27.56,23,2.58,2.1,18.44,29.11,0.42,15.96,15.38,62.44,7.23
-97.758548,30.240194,2004,8,18,231,2004-08-18,14.59,27.23,23.51,2.4,2.1,19.79,28.55,0.42,15.96,13.95,67.62,7.23
-97.712515,30.38507,2004,8,18,231,2004-08-18,13.49,27.56,23,2.58,2.1,18.44,29.11,0.42,15.96,15.38,62.44,7.23
-97.744896,30.405944,2004,8,18,231,2004-08-18,13.49,27.56,23,2.58,2.1,18.44,29.11,0.42,15.96,15.38,62.44,7.23
-97.787843,30.445507,2004,8,18,231,2004-08-18,13.49,27.56,23,2.58,2.1,18.44,29.11,0.42,15.96,15.38,62.44,7.23
-97.689155,30.418051,2004,8,18,231,2004-08-18,13.49,27.56,23,2.58,2.1,18.44,29.11,0.42,15.96,15.38,62.44,7.23
-97.767798,30.29737,2004,8,18,231,2004-08-18,13.49,27.56,23,2.58,2.1,18.44,29.11,0.42,15.96,15.38,62.44,7.23
-97.745792,30.392172,2004,8,18,231,2004-08-18,13.49,27.56,23,2.58,2.1,18.44,29.11,0.42,15.96,15.38,62.44,7.23
-97.721502,30.351649,2004,8,18,231,2004-08-18,13.49,27.56,23,2.58,2.1,18.44,29.11,0.42,15.96,15.38,62.44,7.23
-97.742385,30.267937,2004,8,18,231,2004-08-18,13.49,27.56,23,2.58,2.1,18.44,29.11,0.42,15.96,15.38,62.44,7.23
-97.735361,30.271513,2004,8,18,231,2004-08-18,13.49,27.56,23,2.58,2.1,18.44,29.11,0.42,15.96,15.38,62.44,7.23
-97.74577,30.415495,2004,8,18,231,2004-08-18,13.49,27.56,23,2.58,2.1,18.44,29.11,0.42,15.96,15.38,62.44,7.23
-97.682519,30.336967,2004,8,18,231,2004-08-18,13.49,27.56,23,2.58,2.1,18.44,29.11,0.42,15.96,15.38,62.44,7.23
-97.738047,30.431574,2004,8,18,231,2004-08-18,13.49,27.56,23,2.58,2.1,18.44,29.11,0.42,15.96,15.38,62.44,7.23
-97.747393,30.278857,2004,8,18,231,2004-08-18,13.49,27.56,23,2.58,2.1,18.44,29.11,0.42,15.96,15.38,62.44,7.23
-97.760052,30.434529,2004,8,18,231,2004-08-18,13.49,27.56,23,2.58,2.1,18.44,29.11,0.42,15.96,15.38,62.44,7.23
-97.652534,30.211871,2004,8,18,231,2004-08-18,14.59,27.23,23.51,2.4,2.1,19.79,28.55,0.42,15.96,13.95,67.62,7.23
-97.779336,30.193108,2004,8,18,231,2004-08-18,14.59,27.23,23.51,2.4,2.1,19.79,28.55,0.42,15.96,13.95,67.62,7.23
-97.752289,30.242589,2004,8,18,231,2004-08-18,14.59,27.23,23.51,2.4,2.1,19.79,28.55,0.42,15.96,13.95,67.62,7.23
-97.740691,30.267459,2004,8,18,231,2004-08-18,13.49,27.56,23,2.58,2.1,18.44,29.11,0.42,15.96,15.38,62.44,7.23
-97.742612,30.264648,2004,8,18,231,2004-08-18,13.49,27.56,23,2.58,2.1,18.44,29.11,0.42,15.96,15.38,62.44,7.23
-97.737323,30.390553,2004,8,18,231,2004-08-18,13.49,27.56,23,2.58,2.1,18.44,29.11,0.42,15.96,15.38,62.44,7.23
-97.771223,30.435533,2004,8,18,231,2004-08-18,13.49,27.56,23,2.58,2.1,18.44,29.11,0.42,15.96,15.38,62.44,7.23
-97.720479,30.382214,2004,8,18,231,2004-08-18,13.49,27.56,23,2.58,2.1,18.44,29.11,0.42,15.96,15.38,62.44,7.23
-97.733999,30.357615,2004,8,18,231,2004-08-18,13.49,27.56,23,2.58,2.1,18.44,29.11,0.42,15.96,15.38,62.44,7.23
-97.714885,30.381593,2004,8,18,231,2004-08-18,13.49,27.56,23,2.58,2.1,18.44,29.11,0.42,15.96,15.38,62.44,7.23
-97.764214,30.216064,2004,8,18,231,2004-08-18,14.59,27.23,23.51,2.4,2.1,19.79,28.55,0.42,15.96,13.95,67.62,7.23
-97.747274,30.2518,2004,8,18,231,2004-08-18,13.49,27.56,23,2.58,2.1,18.44,29.11,0.42,15.96,15.38,62.44,7.23
-97.703097,30.303928,2004,8,18,231,2004-08-18,13.49,27.56,23,2.58,2.1,18.44,29.11,0.42,15.96,15.38,62.44,7.23
-97.726163,30.271149,2004,8,18,231,2004-08-18,13.49,27.56,23,2.58,2.1,18.44,29.11,0.42,15.96,15.38,62.44,7.23
-97.77744,30.438765,2004,8,18,231,2004-08-18,13.49,27.56,23,2.58,2.1,18.44,29.11,0.42,15.96,15.38,62.44,7.23
-97.725937,30.380579,2004,8,18,231,2004-08-18,13.49,27.56,23,2.58,2.1,18.44,29.11,0.42,15.96,15.38,62.44,7.23
-97.692793,30.408567,2004,8,18,231,2004-08-18,13.49,27.56,23,2.58,2.1,18.44,29.11,0.42,15.96,15.38,62.44,7.23
-97.744598,30.266505,2004,8,18,231,2004-08-18,13.49,27.56,23,2.58,2.1,18.44,29.11,0.42,15.96,15.38,62.44,7.23
-97.707804,30.302176,2004,8,18,231,2004-08-18,13.49,27.56,23,2.58,2.1,18.44,29.11,0.42,15.96,15.38,62.44,7.23
-97.631554,30.400378,2004,8,18,231,2004-08-18,13.49,27.56,23,2.58,2.1,18.44,29.11,0.42,15.96,15.38,62.44,7.23
-97.725943,30.238295,2004,8,18,231,2004-08-18,14.59,27.23,23.51,2.4,2.1,19.79,28.55,0.42,15.96,13.95,67.62,7.23
-97.688327,30.37848,2004,8,18,231,2004-08-18,13.49,27.56,23,2.58,2.1,18.44,29.11,0.42,15.96,15.38,62.44,7.23
-97.747168,30.257445,2004,8,18,231,2004-08-18,13.49,27.56,23,2.58,2.1,18.44,29.11,0.42,15.96,15.38,62.44,7.23
-97.823489,30.173644,2004,8,18,231,2004-08-18,14.34,27.09,23.19,2.7,2.1,19.3,28.58,0.42,15.96,12.88,65.75,7.23
-97.673135,30.334523,2004,8,18,231,2004-08-18,13.49,27.56,23,2.58,2.1,18.44,29.11,0.42,15.96,15.38,62.44,7.23
-97.653866,30.399772,2004,8,18,231,2004-08-18,13.49,27.56,23,2.58,2.1,18.44,29.11,0.42,15.96,15.38,62.44,7.23
-97.682521,30.228456,2004,8,18,231,2004-08-18,14.59,27.23,23.51,2.4,2.1,19.79,28.55,0.42,15.96,13.95,67.62,7.23
-97.723978,30.402918,2004,8,18,231,2004-08-18,13.49,27.56,23,2.58,2.1,18.44,29.11,0.42,15.96,15.38,62.44,7.23
-97.718934,30.420689,2004,8,18,231,2004-08-18,13.49,27.56,23,2.58,2.1,18.44,29.11,0.42,15.96,15.38,62.44,7.23
-97.670961,30.417729,2004,8,18,231,2004-08-18,13.49,27.56,23,2.58,2.1,18.44,29.11,0.42,15.96,15.38,62.44,7.23
-97.724523,30.26995,2004,8,18,231,2004-08-18,13.49,27.56,23,2.58,2.1,18.44,29.11,0.42,15.96,15.38,62.44,7.23
-97.699326,30.226436,2004,8,18,231,2004-08-18,14.59,27.23,23.51,2.4,2.1,19.79,28.55,0.42,15.96,13.95,67.62,7.23
-97.707954,30.275178,2004,8,18,231,2004-08-18,13.49,27.56,23,2.58,2.1,18.44,29.11,0.42,15.96,15.38,62.44,7.23
-97.68437,30.310866,2004,8,18,231,2004-08-18,13.49,27.56,23,2.58,2.1,18.44,29.11,0.42,15.96,15.38,62.44,7.23
-97.759996,30.433495,2004,8,18,231,2004-08-18,13.49,27.56,23,2.58,2.1,18.44,29.11,0.42,15.96,15.38,62.44,7.23
-97.685219,30.43232,2004,8,18,231,2004-08-18,13.49,27.56,23,2.58,2.1,18.44,29.11,0.42,15.96,15.38,62.44,7.23
-97.714883,30.386226,2004,8,18,231,2004-08-18,13.49,27.56,23,2.58,2.1,18.44,29.11,0.42,15.96,15.38,62.44,7.23
-97.76435,30.303356,2004,8,18,231,2004-08-18,13.49,27.56,23,2.58,2.1,18.44,29.11,0.42,15.96,15.38,62.44,7.23
-97.7442,30.208698,2004,8,18,231,2004-08-18,14.59,27.23,23.51,2.4,2.1,19.79,28.55,0.42,15.96,13.95,67.62,7.23
-97.777026,30.192555,2004,8,18,231,2004-08-18,14.59,27.23,23.51,2.4,2.1,19.79,28.55,0.42,15.96,13.95,67.62,7.23
-97.714552,30.379976,2004,8,18,231,2004-08-18,13.49,27.56,23,2.58,2.1,18.44,29.11,0.42,15.96,15.38,62.44,7.23
-97.730372,30.229397,2004,8,18,231,2004-08-18,14.59,27.23,23.51,2.4,2.1,19.79,28.55,0.42,15.96,13.95,67.62,7.23
-97.778968,30.192681,2004,8,18,231,2004-08-18,14.59,27.23,23.51,2.4,2.1,19.79,28.55,0.42,15.96,13.95,67.62,7.23
-97.73069,30.330442,2004,8,18,231,2004-08-18,13.49,27.56,23,2.58,2.1,18.44,29.11,0.42,15.96,15.38,62.44,7.23
-97.719519,30.381982,2004,8,18,231,2004-08-18,13.49,27.56,23,2.58,2.1,18.44,29.11,0.42,15.96,15.38,62.44,7.23
-97.628631,30.405193,2004,8,18,231,2004-08-18,13.49,27.56,23,2.58,2.1,18.44,29.11,0.42,15.96,15.38,62.44,7.23
-97.777218,30.266785,2004,8,18,231,2004-08-18,13.49,27.56,23,2.58,2.1,18.44,29.11,0.42,15.96,15.38,62.44,7.23
-97.746452,30.256798,2004,8,18,231,2004-08-18,13.49,27.56,23,2.58,2.1,18.44,29.11,0.42,15.96,15.38,62.44,7.23
-97.740863,30.28273,2004,8,18,231,2004-08-18,13.49,27.56,23,2.58,2.1,18.44,29.11,0.42,15.96,15.38,62.44,7.23
-97.727401,30.240566,2004,8,18,231,2004-08-18,14.59,27.23,23.51,2.4,2.1,19.79,28.55,0.42,15.96,13.95,67.62,7.23
-97.738988,30.340031,2004,8,18,231,2004-08-18,13.49,27.56,23,2.58,2.1,18.44,29.11,0.42,15.96,15.38,62.44,7.23
-97.715547,30.363844,2004,8,18,231,2004-08-18,13.49,27.56,23,2.58,2.1,18.44,29.11,0.42,15.96,15.38,62.44,7.23
-97.669712,30.328307,2004,8,18,231,2004-08-18,13.49,27.56,23,2.58,2.1,18.44,29.11,0.42,15.96,15.38,62.44,7.23
-97.744534,30.263422,2004,8,18,231,2004-08-18,13.49,27.56,23,2.58,2.1,18.44,29.11,0.42,15.96,15.38,62.44,7.23
-97.717517,30.393877,2004,8,18,231,2004-08-18,13.49,27.56,23,2.58,2.1,18.44,29.11,0.42,15.96,15.38,62.44,7.23
-97.763464,30.280983,2004,8,18,231,2004-08-18,13.49,27.56,23,2.58,2.1,18.44,29.11,0.42,15.96,15.38,62.44,7.23
-97.863812,30.199506,2004,8,18,231,2004-08-18,14.34,27.09,23.19,2.7,2.1,19.3,28.58,0.42,15.96,12.88,65.75,7.23
-97.68694,30.279122,2004,8,18,231,2004-08-18,13.49,27.56,23,2.58,2.1,18.44,29.11,0.42,15.96,15.38,62.44,7.23
-97.763016,30.219137,2004,8,18,231,2004-08-18,14.59,27.23,23.51,2.4,2.1,19.79,28.55,0.42,15.96,13.95,67.62,7.23
-97.717492,30.26927,2004,8,18,231,2004-08-18,13.49,27.56,23,2.58,2.1,18.44,29.11,0.42,15.96,15.38,62.44,7.23
-97.749496,30.288286,2004,8,18,231,2004-08-18,13.49,27.56,23,2.58,2.1,18.44,29.11,0.42,15.96,15.38,62.44,7.23
-97.802163,30.150678,2004,8,18,231,2004-08-18,14.59,27.23,23.51,2.4,2.1,19.79,28.55,0.42,15.96,13.95,67.62,7.23
-97.696803,30.413433,2004,8,18,231,2004-08-18,13.49,27.56,23,2.58,2.1,18.44,29.11,0.42,15.96,15.38,62.44,7.23
-97.745976,30.259614,2004,8,18,231,2004-08-18,13.49,27.56,23,2.58,2.1,18.44,29.11,0.42,15.96,15.38,62.44,7.23
-97.719804,30.3842,2004,8,18,231,2004-08-18,13.49,27.56,23,2.58,2.1,18.44,29.11,0.42,15.96,15.38,62.44,7.23
-97.709198,30.388156,2004,8,18,231,2004-08-18,13.49,27.56,23,2.58,2.1,18.44,29.11,0.42,15.96,15.38,62.44,7.23
-97.705529,30.344335,2004,8,18,231,2004-08-18,13.49,27.56,23,2.58,2.1,18.44,29.11,0.42,15.96,15.38,62.44,7.23
-97.746674,30.289053,2004,8,18,231,2004-08-18,13.49,27.56,23,2.58,2.1,18.44,29.11,0.42,15.96,15.38,62.44,7.23
-97.742736,30.28684,2004,8,18,231,2004-08-18,13.49,27.56,23,2.58,2.1,18.44,29.11,0.42,15.96,15.38,62.44,7.23
-97.781813,30.207918,2004,8,18,231,2004-08-18,14.59,27.23,23.51,2.4,2.1,19.79,28.55,0.42,15.96,13.95,67.62,7.23
-97.66037,30.388806,2004,8,18,231,2004-08-18,13.49,27.56,23,2.58,2.1,18.44,29.11,0.42,15.96,15.38,62.44,7.23
-97.728877,30.261716,2004,8,18,231,2004-08-18,13.49,27.56,23,2.58,2.1,18.44,29.11,0.42,15.96,15.38,62.44,7.23
-97.715048,30.392528,2004,8,18,231,2004-08-18,13.49,27.56,23,2.58,2.1,18.44,29.11,0.42,15.96,15.38,62.44,7.23
-97.715564,30.380452,2004,8,18,231,2004-08-18,13.49,27.56,23,2.58,2.1,18.44,29.11,0.42,15.96,15.38,62.44,7.23
-97.757715,30.425491,2004,8,18,231,2004-08-18,13.49,27.56,23,2.58,2.1,18.44,29.11,0.42,15.96,15.38,62.44,7.23
-97.746687,30.396508,2004,8,18,231,2004-08-18,13.49,27.56,23,2.58,2.1,18.44,29.11,0.42,15.96,15.38,62.44,7.23
-97.746413,30.263913,2004,8,18,231,2004-08-18,13.49,27.56,23,2.58,2.1,18.44,29.11,0.42,15.96,15.38,62.44,7.23
-97.681006,30.353731,2004,8,18,231,2004-08-18,13.49,27.56,23,2.58,2.1,18.44,29.11,0.42,15.96,15.38,62.44,7.23
-97.749836,30.308735,2004,8,18,231,2004-08-18,13.49,27.56,23,2.58,2.1,18.44,29.11,0.42,15.96,15.38,62.44,7.23
-97.782807,30.254056,2004,8,18,231,2004-08-18,13.49,27.56,23,2.58,2.1,18.44,29.11,0.42,15.96,15.38,62.44,7.23
-97.758771,30.273329,2004,8,18,231,2004-08-18,13.49,27.56,23,2.58,2.1,18.44,29.11,0.42,15.96,15.38,62.44,7.23
-97.71369,30.383564,2004,8,18,231,2004-08-18,13.49,27.56,23,2.58,2.1,18.44,29.11,0.42,15.96,15.38,62.44,7.23
-97.727506,30.354487,2004,8,18,231,2004-08-18,13.49,27.56,23,2.58,2.1,18.44,29.11,0.42,15.96,15.38,62.44,7.23
-97.735073,30.274065,2004,8,18,231,2004-08-18,13.49,27.56,23,2.58,2.1,18.44,29.11,0.42,15.96,15.38,62.44,7.23
-97.717858,30.392483,2004,8,18,231,2004-08-18,13.49,27.56,23,2.58,2.1,18.44,29.11,0.42,15.96,15.38,62.44,7.23
-97.722783,30.385254,2004,8,18,231,2004-08-18,13.49,27.56,23,2.58,2.1,18.44,29.11,0.42,15.96,15.38,62.44,7.23
-97.721338,30.392549,2004,8,18,231,2004-08-18,13.49,27.56,23,2.58,2.1,18.44,29.11,0.42,15.96,15.38,62.44,7.23
-97.739081,30.215446,2004,8,18,231,2004-08-18,14.59,27.23,23.51,2.4,2.1,19.79,28.55,0.42,15.96,13.95,67.62,7.23
-97.706314,30.230228,2004,8,18,231,2004-08-18,14.59,27.23,23.51,2.4,2.1,19.79,28.55,0.42,15.96,13.95,67.62,7.23
-97.761726,30.248884,2004,8,18,231,2004-08-18,14.59,27.23,23.51,2.4,2.1,19.79,28.55,0.42,15.96,13.95,67.62,7.23
-97.663297,30.440815,2004,8,18,231,2004-08-18,13.49,27.56,23,2.58,2.1,18.44,29.11,0.42,15.96,15.38,62.44,7.23
-97.74216,30.266846,2004,8,18,231,2004-08-18,13.49,27.56,23,2.58,2.1,18.44,29.11,0.42,15.96,15.38,62.44,7.23
-97.749613,30.400711,2004,8,18,231,2004-08-18,13.49,27.56,23,2.58,2.1,18.44,29.11,0.42,15.96,15.38,62.44,7.23
-97.731553,30.396975,2004,8,18,231,2004-08-18,13.49,27.56,23,2.58,2.1,18.44,29.11,0.42,15.96,15.38,62.44,7.23
-97.719519,30.381982,2004,8,18,231,2004-08-18,13.49,27.56,23,2.58,2.1,18.44,29.11,0.42,15.96,15.38,62.44,7.23
-97.74528,30.402081,2004,8,18,231,2004-08-18,13.49,27.56,23,2.58,2.1,18.44,29.11,0.42,15.96,15.38,62.44,7.23
-97.743943,30.209555,2004,8,18,231,2004-08-18,14.59,27.23,23.51,2.4,2.1,19.79,28.55,0.42,15.96,13.95,67.62,7.23
-97.763318,30.219277,2004,8,18,231,2004-08-18,14.59,27.23,23.51,2.4,2.1,19.79,28.55,0.42,15.96,13.95,67.62,7.23
-97.774679,30.437222,2004,8,18,231,2004-08-18,13.49,27.56,23,2.58,2.1,18.44,29.11,0.42,15.96,15.38,62.44,7.23
-97.825398,30.173754,2004,8,18,231,2004-08-18,14.34,27.09,23.19,2.7,2.1,19.3,28.58,0.42,15.96,12.88,65.75,7.23
-97.74154,30.26565,2004,8,18,231,2004-08-18,13.49,27.56,23,2.58,2.1,18.44,29.11,0.42,15.96,15.38,62.44,7.23
-97.705533,30.391088,2004,8,18,231,2004-08-18,13.49,27.56,23,2.58,2.1,18.44,29.11,0.42,15.96,15.38,62.44,7.23
-97.712782,30.384683,2004,8,18,231,2004-08-18,13.49,27.56,23,2.58,2.1,18.44,29.11,0.42,15.96,15.38,62.44,7.23
-97.742342,30.2638,2004,8,18,231,2004-08-18,13.49,27.56,23,2.58,2.1,18.44,29.11,0.42,15.96,15.38,62.44,7.23
-97.719342,30.296987,2004,8,18,231,2004-08-18,13.49,27.56,23,2.58,2.1,18.44,29.11,0.42,15.96,15.38,62.44,7.23
-97.626526,30.373119,2004,8,18,231,2004-08-18,13.49,27.56,23,2.58,2.1,18.44,29.11,0.42,15.96,15.38,62.44,7.23
-97.671661,30.374951,2004,8,18,231,2004-08-18,13.49,27.56,23,2.58,2.1,18.44,29.11,0.42,15.96,15.38,62.44,7.23
-97.690813,30.38382,2004,8,18,231,2004-08-18,13.49,27.56,23,2.58,2.1,18.44,29.11,0.42,15.96,15.38,62.44,7.23
-97.821892,30.173841,2004,8,18,231,2004-08-18,14.34,27.09,23.19,2.7,2.1,19.3,28.58,0.42,15.96,12.88,65.75,7.23
-97.75724,30.264479,2004,8,18,231,2004-08-18,13.49,27.56,23,2.58,2.1,18.44,29.11,0.42,15.96,15.38,62.44,7.23
-97.739644,30.28278,2004,8,18,231,2004-08-18,13.49,27.56,23,2.58,2.1,18.44,29.11,0.42,15.96,15.38,62.44,7.23
-97.737646,30.35213,2004,8,18,231,2004-08-18,13.49,27.56,23,2.58,2.1,18.44,29.11,0.42,15.96,15.38,62.44,7.23
-97.764981,30.274969,2004,8,18,231,2004-08-18,13.49,27.56,23,2.58,2.1,18.44,29.11,0.42,15.96,15.38,62.44,7.23
-97.744759,30.407341,2004,8,18,231,2004-08-18,13.49,27.56,23,2.58,2.1,18.44,29.11,0.42,15.96,15.38,62.44,7.23
-97.716145,30.390365,2004,8,18,231,2004-08-18,13.49,27.56,23,2.58,2.1,18.44,29.11,0.42,15.96,15.38,62.44,7.23
-97.683862,30.387052,2004,8,18,231,2004-08-18,13.49,27.56,23,2.58,2.1,18.44,29.11,0.42,15.96,15.38,62.44,7.23
-97.64741,30.40907,2004,8,18,231,2004-08-18,13.49,27.56,23,2.58,2.1,18.44,29.11,0.42,15.96,15.38,62.44,7.23
-97.720055,30.233377,2004,8,18,231,2004-08-18,14.59,27.23,23.51,2.4,2.1,19.79,28.55,0.42,15.96,13.95,67.62,7.23
-97.740519,30.267409,2004,8,18,231,2004-08-18,13.49,27.56,23,2.58,2.1,18.44,29.11,0.42,15.96,15.38,62.44,7.23
-97.688371,30.276748,2004,8,18,231,2004-08-18,13.49,27.56,23,2.58,2.1,18.44,29.11,0.42,15.96,15.38,62.44,7.23
-97.706275,30.391405,2004,8,18,231,2004-08-18,13.49,27.56,23,2.58,2.1,18.44,29.11,0.42,15.96,15.38,62.44,7.23
-97.755338,30.270589,2004,8,18,231,2004-08-18,13.49,27.56,23,2.58,2.1,18.44,29.11,0.42,15.96,15.38,62.44,7.23
-97.720059,30.418872,2004,8,18,231,2004-08-18,13.49,27.56,23,2.58,2.1,18.44,29.11,0.42,15.96,15.38,62.44,7.23
-97.780278,30.178529,2004,8,18,231,2004-08-18,14.59,27.23,23.51,2.4,2.1,19.79,28.55,0.42,15.96,13.95,67.62,7.23
-97.754968,30.21496,2004,8,18,231,2004-08-18,14.59,27.23,23.51,2.4,2.1,19.79,28.55,0.42,15.96,13.95,67.62,7.23
-97.714405,30.409361,2004,8,18,231,2004-08-18,13.49,27.56,23,2.58,2.1,18.44,29.11,0.42,15.96,15.38,62.44,7.23
-97.735652,30.346206,2004,8,18,231,2004-08-18,13.49,27.56,23,2.58,2.1,18.44,29.11,0.42,15.96,15.38,62.44,7.23
-97.774925,30.43645,2004,8,18,231,2004-08-18,13.49,27.56,23,2.58,2.1,18.44,29.11,0.42,15.96,15.38,62.44,7.23
-97.770878,30.264529,2004,8,18,231,2004-08-18,13.49,27.56,23,2.58,2.1,18.44,29.11,0.42,15.96,15.38,62.44,7.23
-97.794093,30.233263,2004,8,18,231,2004-08-18,14.59,27.23,23.51,2.4,2.1,19.79,28.55,0.42,15.96,13.95,67.62,7.23
-97.66152,30.439608,2004,8,18,231,2004-08-18,13.49,27.56,23,2.58,2.1,18.44,29.11,0.42,15.96,15.38,62.44,7.23
-97.745624,30.212884,2004,8,18,231,2004-08-18,14.59,27.23,23.51,2.4,2.1,19.79,28.55,0.42,15.96,13.95,67.62,7.23
-97.671333,30.328242,2004,8,18,231,2004-08-18,13.49,27.56,23,2.58,2.1,18.44,29.11,0.42,15.96,15.38,62.44,7.23
-97.780304,30.439691,2004,8,18,231,2004-08-18,13.49,27.56,23,2.58,2.1,18.44,29.11,0.42,15.96,15.38,62.44,7.23
-97.716242,30.380349,2004,8,18,231,2004-08-18,13.49,27.56,23,2.58,2.1,18.44,29.11,0.42,15.96,15.38,62.44,7.23
-97.759233,30.431561,2004,8,18,231,2004-08-18,13.49,27.56,23,2.58,2.1,18.44,29.11,0.42,15.96,15.38,62.44,7.23
-97.697097,30.416351,2004,8,18,231,2004-08-18,13.49,27.56,23,2.58,2.1,18.44,29.11,0.42,15.96,15.38,62.44,7.23
-97.721839,30.235194,2004,8,18,231,2004-08-18,14.59,27.23,23.51,2.4,2.1,19.79,28.55,0.42,15.96,13.95,67.62,7.23
-97.676694,30.336503,2004,8,18,231,2004-08-18,13.49,27.56,23,2.58,2.1,18.44,29.11,0.42,15.96,15.38,62.44,7.23
-97.801348,30.463888,2004,8,18,231,2004-08-18,13.49,27.56,23,2.58,2.1,18.44,29.11,0.42,15.96,15.38,62.44,7.23
-97.713842,30.379637,2004,8,18,231,2004-08-18,13.49,27.56,23,2.58,2.1,18.44,29.11,0.42,15.96,15.38,62.44,7.23
-97.719526,30.39255,2004,8,18,231,2004-08-18,13.49,27.56,23,2.58,2.1,18.44,29.11,0.42,15.96,15.38,62.44,7.23
-97.704338,30.348084,2004,8,18,231,2004-08-18,13.49,27.56,23,2.58,2.1,18.44,29.11,0.42,15.96,15.38,62.44,7.23
-97.798283,30.259989,2004,8,18,231,2004-08-18,13.49,27.56,23,2.58,2.1,18.44,29.11,0.42,15.96,15.38,62.44,7.23
-97.745003,30.275654,2004,8,18,231,2004-08-18,13.49,27.56,23,2.58,2.1,18.44,29.11,0.42,15.96,15.38,62.44,7.23
-97.746348,30.265667,2004,8,18,231,2004-08-18,13.49,27.56,23,2.58,2.1,18.44,29.11,0.42,15.96,15.38,62.44,7.23
-97.722763,30.401102,2004,8,18,231,2004-08-18,13.49,27.56,23,2.58,2.1,18.44,29.11,0.42,15.96,15.38,62.44,7.23
-97.66718,30.422341,2004,8,18,231,2004-08-18,13.49,27.56,23,2.58,2.1,18.44,29.11,0.42,15.96,15.38,62.44,7.23
-97.845137,30.190999,2004,8,18,231,2004-08-18,14.34,27.09,23.19,2.7,2.1,19.3,28.58,0.42,15.96,12.88,65.75,7.23
-97.685893,30.338579,2004,8,18,231,2004-08-18,13.49,27.56,23,2.58,2.1,18.44,29.11,0.42,15.96,15.38,62.44,7.23
-97.765065,30.216458,2004,8,18,231,2004-08-18,14.59,27.23,23.51,2.4,2.1,19.79,28.55,0.42,15.96,13.95,67.62,7.23
-97.795422,30.463243,2004,8,18,231,2004-08-18,13.49,27.56,23,2.58,2.1,18.44,29.11,0.42,15.96,15.38,62.44,7.23
-97.772354,30.439074,2004,8,18,231,2004-08-18,13.49,27.56,23,2.58,2.1,18.44,29.11,0.42,15.96,15.38,62.44,7.23
-97.74183,30.285277,2004,8,18,231,2004-08-18,13.49,27.56,23,2.58,2.1,18.44,29.11,0.42,15.96,15.38,62.44,7.23
-97.680278,30.334163,2004,8,18,231,2004-08-18,13.49,27.56,23,2.58,2.1,18.44,29.11,0.42,15.96,15.38,62.44,7.23
-97.706314,30.344268,2004,8,18,231,2004-08-18,13.49,27.56,23,2.58,2.1,18.44,29.11,0.42,15.96,15.38,62.44,7.23
-97.778366,30.432312,2004,8,18,231,2004-08-18,13.49,27.56,23,2.58,2.1,18.44,29.11,0.42,15.96,15.38,62.44,7.23
-97.697714,30.302589,2004,8,18,231,2004-08-18,13.49,27.56,23,2.58,2.1,18.44,29.11,0.42,15.96,15.38,62.44,7.23
-97.67714,30.259675,2004,8,18,231,2004-08-18,13.49,27.56,23,2.58,2.1,18.44,29.11,0.42,15.96,15.38,62.44,7.23
-97.741284,30.272136,2004,8,18,231,2004-08-18,13.49,27.56,23,2.58,2.1,18.44,29.11,0.42,15.96,15.38,62.44,7.23
-97.693411,30.384911,2004,8,18,231,2004-08-18,13.49,27.56,23,2.58,2.1,18.44,29.11,0.42,15.96,15.38,62.44,7.23
-97.725795,30.402289,2004,8,18,231,2004-08-18,13.49,27.56,23,2.58,2.1,18.44,29.11,0.42,15.96,15.38,62.44,7.23
-97.721673,30.351729,2004,8,18,231,2004-08-18,13.49,27.56,23,2.58,2.1,18.44,29.11,0.42,15.96,15.38,62.44,7.23
-97.732415,30.259839,2004,8,18,231,2004-08-18,13.49,27.56,23,2.58,2.1,18.44,29.11,0.42,15.96,15.38,62.44,7.23
-97.761315,30.431318,2004,8,18,231,2004-08-18,13.49,27.56,23,2.58,2.1,18.44,29.11,0.42,15.96,15.38,62.44,7.23
-97.704363,30.410866,2004,8,18,231,2004-08-18,13.49,27.56,23,2.58,2.1,18.44,29.11,0.42,15.96,15.38,62.44,7.23
-97.897398,30.183873,2004,8,18,231,2004-08-18,14.34,27.09,23.19,2.7,2.1,19.3,28.58,0.42,15.96,12.88,65.75,7.23
-97.708121,30.400435,2004,8,18,231,2004-08-18,13.49,27.56,23,2.58,2.1,18.44,29.11,0.42,15.96,15.38,62.44,7.23
-97.721881,30.261439,2004,8,18,231,2004-08-18,13.49,27.56,23,2.58,2.1,18.44,29.11,0.42,15.96,15.38,62.44,7.23
-97.671429,30.33375,2004,8,18,231,2004-08-18,13.49,27.56,23,2.58,2.1,18.44,29.11,0.42,15.96,15.38,62.44,7.23
-97.721147,30.261166,2004,8,18,231,2004-08-18,13.49,27.56,23,2.58,2.1,18.44,29.11,0.42,15.96,15.38,62.44,7.23
-97.759571,30.435303,2004,8,18,231,2004-08-18,13.49,27.56,23,2.58,2.1,18.44,29.11,0.42,15.96,15.38,62.44,7.23
-97.71599,30.393134,2004,8,18,231,2004-08-18,13.49,27.56,23,2.58,2.1,18.44,29.11,0.42,15.96,15.38,62.44,7.23
-97.756318,30.272429,2004,8,18,231,2004-08-18,13.49,27.56,23,2.58,2.1,18.44,29.11,0.42,15.96,15.38,62.44,7.23
-97.742072,30.275249,2004,8,18,231,2004-08-18,13.49,27.56,23,2.58,2.1,18.44,29.11,0.42,15.96,15.38,62.44,7.23
-97.717361,30.254583,2004,8,18,231,2004-08-18,13.49,27.56,23,2.58,2.1,18.44,29.11,0.42,15.96,15.38,62.44,7.23
-97.716753,30.384287,2004,8,18,231,2004-08-18,13.49,27.56,23,2.58,2.1,18.44,29.11,0.42,15.96,15.38,62.44,7.23
-97.722433,30.266717,2004,8,18,231,2004-08-18,13.49,27.56,23,2.58,2.1,18.44,29.11,0.42,15.96,15.38,62.44,7.23
-97.749613,30.400711,2004,8,18,231,2004-08-18,13.49,27.56,23,2.58,2.1,18.44,29.11,0.42,15.96,15.38,62.44,7.23
-97.729569,30.355471,2004,8,18,231,2004-08-18,13.49,27.56,23,2.58,2.1,18.44,29.11,0.42,15.96,15.38,62.44,7.23
-97.722738,30.401164,2004,8,18,231,2004-08-18,13.49,27.56,23,2.58,2.1,18.44,29.11,0.42,15.96,15.38,62.44,7.23
-97.815927,30.241814,2004,8,18,231,2004-08-18,14.34,27.09,23.19,2.7,2.1,19.3,28.58,0.42,15.96,12.88,65.75,7.23
-97.71132,30.378412,2004,8,18,231,2004-08-18,13.49,27.56,23,2.58,2.1,18.44,29.11,0.42,15.96,15.38,62.44,7.23
-97.790432,30.191213,2004,8,18,231,2004-08-18,14.59,27.23,23.51,2.4,2.1,19.79,28.55,0.42,15.96,13.95,67.62,7.23
-97.684962,30.269917,2004,8,18,231,2004-08-18,13.49,27.56,23,2.58,2.1,18.44,29.11,0.42,15.96,15.38,62.44,7.23
-97.689678,30.376081,2004,8,18,231,2004-08-18,13.49,27.56,23,2.58,2.1,18.44,29.11,0.42,15.96,15.38,62.44,7.23
-97.741218,30.291477,2004,8,18,231,2004-08-18,13.49,27.56,23,2.58,2.1,18.44,29.11,0.42,15.96,15.38,62.44,7.23
-97.713523,30.22809,2004,8,18,231,2004-08-18,14.59,27.23,23.51,2.4,2.1,19.79,28.55,0.42,15.96,13.95,67.62,7.23
-97.723163,30.387192,2004,8,18,231,2004-08-18,13.49,27.56,23,2.58,2.1,18.44,29.11,0.42,15.96,15.38,62.44,7.23
-97.693028,30.341959,2004,8,18,231,2004-08-18,13.49,27.56,23,2.58,2.1,18.44,29.11,0.42,15.96,15.38,62.44,7.23
-97.744193,30.292964,2004,8,18,231,2004-08-18,13.49,27.56,23,2.58,2.1,18.44,29.11,0.42,15.96,15.38,62.44,7.23
-97.744239,30.274539,2004,8,18,231,2004-08-18,13.49,27.56,23,2.58,2.1,18.44,29.11,0.42,15.96,15.38,62.44,7.23
-97.712248,30.385439,2004,8,18,231,2004-08-18,13.49,27.56,23,2.58,2.1,18.44,29.11,0.42,15.96,15.38,62.44,7.23
-97.790529,30.230605,2004,8,18,231,2004-08-18,14.59,27.23,23.51,2.4,2.1,19.79,28.55,0.42,15.96,13.95,67.62,7.23
-97.771343,30.248044,2004,8,18,231,2004-08-18,14.59,27.23,23.51,2.4,2.1,19.79,28.55,0.42,15.96,13.95,67.62,7.23
-97.735472,30.253691,2004,8,18,231,2004-08-18,13.49,27.56,23,2.58,2.1,18.44,29.11,0.42,15.96,15.38,62.44,7.23
-97.683087,30.333979,2004,8,18,231,2004-08-18,13.49,27.56,23,2.58,2.1,18.44,29.11,0.42,15.96,15.38,62.44,7.23
-97.631971,30.399734,2004,8,18,231,2004-08-18,13.49,27.56,23,2.58,2.1,18.44,29.11,0.42,15.96,15.38,62.44,7.23
-97.785337,30.263094,2004,8,18,231,2004-08-18,13.49,27.56,23,2.58,2.1,18.44,29.11,0.42,15.96,15.38,62.44,7.23
-97.744361,30.418621,2004,8,18,231,2004-08-18,13.49,27.56,23,2.58,2.1,18.44,29.11,0.42,15.96,15.38,62.44,7.23
-97.719519,30.381982,2004,8,18,231,2004-08-18,13.49,27.56,23,2.58,2.1,18.44,29.11,0.42,15.96,15.38,62.44,7.23
-97.720743,30.403025,2004,8,18,231,2004-08-18,13.49,27.56,23,2.58,2.1,18.44,29.11,0.42,15.96,15.38,62.44,7.23
-97.670384,30.402445,2004,8,18,231,2004-08-18,13.49,27.56,23,2.58,2.1,18.44,29.11,0.42,15.96,15.38,62.44,7.23
-97.744346,30.268494,2004,8,18,231,2004-08-18,13.49,27.56,23,2.58,2.1,18.44,29.11,0.42,15.96,15.38,62.44,7.23
-97.711828,30.383178,2004,8,18,231,2004-08-18,13.49,27.56,23,2.58,2.1,18.44,29.11,0.42,15.96,15.38,62.44,7.23
-97.715919,30.405222,2004,8,18,231,2004-08-18,13.49,27.56,23,2.58,2.1,18.44,29.11,0.42,15.96,15.38,62.44,7.23
-97.719657,30.336661,2004,8,18,231,2004-08-18,13.49,27.56,23,2.58,2.1,18.44,29.11,0.42,15.96,15.38,62.44,7.23
-97.68597,30.382669,2004,8,18,231,2004-08-18,13.49,27.56,23,2.58,2.1,18.44,29.11,0.42,15.96,15.38,62.44,7.23
-97.706211,30.230987,2004,8,18,231,2004-08-18,14.59,27.23,23.51,2.4,2.1,19.79,28.55,0.42,15.96,13.95,67.62,7.23
-97.714041,30.291951,2004,8,18,231,2004-08-18,13.49,27.56,23,2.58,2.1,18.44,29.11,0.42,15.96,15.38,62.44,7.23
-97.724007,30.257945,2004,8,18,231,2004-08-18,13.49,27.56,23,2.58,2.1,18.44,29.11,0.42,15.96,15.38,62.44,7.23
-97.722731,30.388509,2004,8,18,231,2004-08-18,13.49,27.56,23,2.58,2.1,18.44,29.11,0.42,15.96,15.38,62.44,7.23
-97.720176,30.271645,2004,8,18,231,2004-08-18,13.49,27.56,23,2.58,2.1,18.44,29.11,0.42,15.96,15.38,62.44,7.23
-97.756135,30.260415,2004,8,18,231,2004-08-18,13.49,27.56,23,2.58,2.1,18.44,29.11,0.42,15.96,15.38,62.44,7.23
-97.735484,30.252458,2004,8,18,231,2004-08-18,13.49,27.56,23,2.58,2.1,18.44,29.11,0.42,15.96,15.38,62.44,7.23
-97.716894,30.255465,2004,8,18,231,2004-08-18,13.49,27.56,23,2.58,2.1,18.44,29.11,0.42,15.96,15.38,62.44,7.23
-97.714379,30.382537,2004,8,18,231,2004-08-18,13.49,27.56,23,2.58,2.1,18.44,29.11,0.42,15.96,15.38,62.44,7.23
-97.73959,30.233362,2004,8,18,231,2004-08-18,14.59,27.23,23.51,2.4,2.1,19.79,28.55,0.42,15.96,13.95,67.62,7.23
-97.803386,30.19812,2004,8,18,231,2004-08-18,14.59,27.23,23.51,2.4,2.1,19.79,28.55,0.42,15.96,13.95,67.62,7.23
-97.691574,30.438616,2004,8,18,231,2004-08-18,13.49,27.56,23,2.58,2.1,18.44,29.11,0.42,15.96,15.38,62.44,7.23
-97.719519,30.381982,2004,8,18,231,2004-08-18,13.49,27.56,23,2.58,2.1,18.44,29.11,0.42,15.96,15.38,62.44,7.23
-97.736978,30.400346,2004,8,18,231,2004-08-18,13.49,27.56,23,2.58,2.1,18.44,29.11,0.42,15.96,15.38,62.44,7.23
-97.760525,30.432465,2004,8,18,231,2004-08-18,13.49,27.56,23,2.58,2.1,18.44,29.11,0.42,15.96,15.38,62.44,7.23
-97.728535,30.381852,2004,8,18,231,2004-08-18,13.49,27.56,23,2.58,2.1,18.44,29.11,0.42,15.96,15.38,62.44,7.23
-97.712954,30.38995,2004,8,18,231,2004-08-18,13.49,27.56,23,2.58,2.1,18.44,29.11,0.42,15.96,15.38,62.44,7.23
-97.697536,30.362184,2004,8,18,231,2004-08-18,13.49,27.56,23,2.58,2.1,18.44,29.11,0.42,15.96,15.38,62.44,7.23
-97.76131,30.206635,2004,8,18,231,2004-08-18,14.59,27.23,23.51,2.4,2.1,19.79,28.55,0.42,15.96,13.95,67.62,7.23
-97.776947,30.228025,2004,8,18,231,2004-08-18,14.59,27.23,23.51,2.4,2.1,19.79,28.55,0.42,15.96,13.95,67.62,7.23
-97.746592,30.397447,2004,8,18,231,2004-08-18,13.49,27.56,23,2.58,2.1,18.44,29.11,0.42,15.96,15.38,62.44,7.23
-97.810789,30.43875,2004,8,18,231,2004-08-18,13.49,27.56,23,2.58,2.1,18.44,29.11,0.42,15.96,15.38,62.44,7.23
-97.746122,30.401922,2004,8,18,231,2004-08-18,13.49,27.56,23,2.58,2.1,18.44,29.11,0.42,15.96,15.38,62.44,7.23
-97.741403,30.267663,2004,8,18,231,2004-08-18,13.49,27.56,23,2.58,2.1,18.44,29.11,0.42,15.96,15.38,62.44,7.23
-97.726003,30.262861,2004,8,18,231,2004-08-18,13.49,27.56,23,2.58,2.1,18.44,29.11,0.42,15.96,15.38,62.44,7.23
-97.738365,30.272845,2004,8,18,231,2004-08-18,13.49,27.56,23,2.58,2.1,18.44,29.11,0.42,15.96,15.38,62.44,7.23
-97.71192,30.386164,2004,8,18,231,2004-08-18,13.49,27.56,23,2.58,2.1,18.44,29.11,0.42,15.96,15.38,62.44,7.23
-97.71372,30.385653,2004,8,18,231,2004-08-18,13.49,27.56,23,2.58,2.1,18.44,29.11,0.42,15.96,15.38,62.44,7.23
-97.739493,30.291879,2004,8,18,231,2004-08-18,13.49,27.56,23,2.58,2.1,18.44,29.11,0.42,15.96,15.38,62.44,7.23
-97.760472,30.268929,2004,8,18,231,2004-08-18,13.49,27.56,23,2.58,2.1,18.44,29.11,0.42,15.96,15.38,62.44,7.23
-97.817456,30.273643,2004,8,18,231,2004-08-18,13.49,27.26,22.72,2.74,2.1,18.17,28.74,0.42,15.96,14.34,61.56,7.23
-97.743304,30.270258,2004,8,18,231,2004-08-18,13.49,27.56,23,2.58,2.1,18.44,29.11,0.42,15.96,15.38,62.44,7.23
-97.719847,30.282633,2004,8,18,231,2004-08-18,13.49,27.56,23,2.58,2.1,18.44,29.11,0.42,15.96,15.38,62.44,7.23
-97.73276,30.356921,2004,8,18,231,2004-08-18,13.49,27.56,23,2.58,2.1,18.44,29.11,0.42,15.96,15.38,62.44,7.23
-97.701416,30.305149,2004,8,18,231,2004-08-18,13.49,27.56,23,2.58,2.1,18.44,29.11,0.42,15.96,15.38,62.44,7.23
-97.747824,30.408292,2004,8,18,231,2004-08-18,13.49,27.56,23,2.58,2.1,18.44,29.11,0.42,15.96,15.38,62.44,7.23
-97.706314,30.344268,2004,8,18,231,2004-08-18,13.49,27.56,23,2.58,2.1,18.44,29.11,0.42,15.96,15.38,62.44,7.23
-97.678055,30.408973,2004,8,18,231,2004-08-18,13.49,27.56,23,2.58,2.1,18.44,29.11,0.42,15.96,15.38,62.44,7.23
-97.749613,30.400711,2004,8,18,231,2004-08-18,13.49,27.56,23,2.58,2.1,18.44,29.11,0.42,15.96,15.38,62.44,7.23
-97.764473,30.188056,2004,8,18,231,2004-08-18,14.59,27.23,23.51,2.4,2.1,19.79,28.55,0.42,15.96,13.95,67.62,7.23
-97.749613,30.400711,2004,8,18,231,2004-08-18,13.49,27.56,23,2.58,2.1,18.44,29.11,0.42,15.96,15.38,62.44,7.23
-97.765103,30.432479,2004,8,18,231,2004-08-18,13.49,27.56,23,2.58,2.1,18.44,29.11,0.42,15.96,15.38,62.44,7.23
-97.74154,30.26565,2004,8,18,231,2004-08-18,13.49,27.56,23,2.58,2.1,18.44,29.11,0.42,15.96,15.38,62.44,7.23
-97.772002,30.245163,2004,8,18,231,2004-08-18,14.59,27.23,23.51,2.4,2.1,19.79,28.55,0.42,15.96,13.95,67.62,7.23
-97.715701,30.381102,2004,8,18,231,2004-08-18,13.49,27.56,23,2.58,2.1,18.44,29.11,0.42,15.96,15.38,62.44,7.23
-97.707869,30.387521,2004,8,18,231,2004-08-18,13.49,27.56,23,2.58,2.1,18.44,29.11,0.42,15.96,15.38,62.44,7.23
-97.698168,30.408522,2004,8,18,231,2004-08-18,13.49,27.56,23,2.58,2.1,18.44,29.11,0.42,15.96,15.38,62.44,7.23
-97.745464,30.280947,2004,8,18,231,2004-08-18,13.49,27.56,23,2.58,2.1,18.44,29.11,0.42,15.96,15.38,62.44,7.23
-97.722391,30.258405,2004,8,18,231,2004-08-18,13.49,27.56,23,2.58,2.1,18.44,29.11,0.42,15.96,15.38,62.44,7.23
-97.712082,30.392744,2004,8,18,231,2004-08-18,13.49,27.56,23,2.58,2.1,18.44,29.11,0.42,15.96,15.38,62.44,7.23
-97.743779,30.41464,2004,8,18,231,2004-08-18,13.49,27.56,23,2.58,2.1,18.44,29.11,0.42,15.96,15.38,62.44,7.23
-97.680469,30.40859,2004,8,18,231,2004-08-18,13.49,27.56,23,2.58,2.1,18.44,29.11,0.42,15.96,15.38,62.44,7.23
-97.673485,30.373794,2004,8,18,231,2004-08-18,13.49,27.56,23,2.58,2.1,18.44,29.11,0.42,15.96,15.38,62.44,7.23
-97.743146,30.270214,2004,8,18,231,2004-08-18,13.49,27.56,23,2.58,2.1,18.44,29.11,0.42,15.96,15.38,62.44,7.23
-97.713596,30.270588,2004,8,18,231,2004-08-18,13.49,27.56,23,2.58,2.1,18.44,29.11,0.42,15.96,15.38,62.44,7.23
-97.793844,30.462114,2004,8,18,231,2004-08-18,13.49,27.56,23,2.58,2.1,18.44,29.11,0.42,15.96,15.38,62.44,7.23
-97.7913,30.448547,2004,8,18,231,2004-08-18,13.49,27.56,23,2.58,2.1,18.44,29.11,0.42,15.96,15.38,62.44,7.23
-97.711148,30.26053,2004,8,18,231,2004-08-18,13.49,27.56,23,2.58,2.1,18.44,29.11,0.42,15.96,15.38,62.44,7.23
-97.74562,30.39891,2004,8,18,231,2004-08-18,13.49,27.56,23,2.58,2.1,18.44,29.11,0.42,15.96,15.38,62.44,7.23
-97.745714,30.212742,2004,8,18,231,2004-08-18,14.59,27.23,23.51,2.4,2.1,19.79,28.55,0.42,15.96,13.95,67.62,7.23
-97.715947,30.405176,2004,8,18,231,2004-08-18,13.49,27.56,23,2.58,2.1,18.44,29.11,0.42,15.96,15.38,62.44,7.23
-97.801794,30.185674,2004,8,18,231,2004-08-18,14.59,27.23,23.51,2.4,2.1,19.79,28.55,0.42,15.96,13.95,67.62,7.23
-97.705378,30.391016,2004,8,18,231,2004-08-18,13.49,27.56,23,2.58,2.1,18.44,29.11,0.42,15.96,15.38,62.44,7.23
-97.617802,30.351068,2004,8,18,231,2004-08-18,13.49,27.56,23,2.58,2.1,18.44,29.11,0.42,15.96,15.38,62.44,7.23
-97.710375,30.349624,2004,8,18,231,2004-08-18,13.49,27.56,23,2.58,2.1,18.44,29.11,0.42,15.96,15.38,62.44,7.23
-97.745246,30.266683,2004,8,18,231,2004-08-18,13.49,27.56,23,2.58,2.1,18.44,29.11,0.42,15.96,15.38,62.44,7.23
-97.741527,30.264368,2004,8,18,231,2004-08-18,13.49,27.56,23,2.58,2.1,18.44,29.11,0.42,15.96,15.38,62.44,7.23
-97.743245,30.216554,2004,8,18,231,2004-08-18,14.59,27.23,23.51,2.4,2.1,19.79,28.55,0.42,15.96,13.95,67.62,7.23
-97.71924,30.394705,2004,8,18,231,2004-08-18,13.49,27.56,23,2.58,2.1,18.44,29.11,0.42,15.96,15.38,62.44,7.23
-97.749613,30.400711,2004,8,18,231,2004-08-18,13.49,27.56,23,2.58,2.1,18.44,29.11,0.42,15.96,15.38,62.44,7.23
-97.768991,30.266199,2004,8,18,231,2004-08-18,13.49,27.56,23,2.58,2.1,18.44,29.11,0.42,15.96,15.38,62.44,7.23
-97.694281,30.38545,2004,8,18,231,2004-08-18,13.49,27.56,23,2.58,2.1,18.44,29.11,0.42,15.96,15.38,62.44,7.23
-97.692054,30.371877,2004,8,18,231,2004-08-18,13.49,27.56,23,2.58,2.1,18.44,29.11,0.42,15.96,15.38,62.44,7.23
-97.744129,30.414063,2004,8,18,231,2004-08-18,13.49,27.56,23,2.58,2.1,18.44,29.11,0.42,15.96,15.38,62.44,7.23
-97.762756,30.219015,2004,8,18,231,2004-08-18,14.59,27.23,23.51,2.4,2.1,19.79,28.55,0.42,15.96,13.95,67.62,7.23
-97.785314,30.15619,2004,8,18,231,2004-08-18,14.59,27.23,23.51,2.4,2.1,19.79,28.55,0.42,15.96,13.95,67.62,7.23
-97.720852,30.403383,2004,8,18,231,2004-08-18,13.49,27.56,23,2.58,2.1,18.44,29.11,0.42,15.96,15.38,62.44,7.23
-97.780304,30.439691,2004,8,18,231,2004-08-18,13.49,27.56,23,2.58,2.1,18.44,29.11,0.42,15.96,15.38,62.44,7.23
-97.719155,30.385206,2004,8,18,231,2004-08-18,13.49,27.56,23,2.58,2.1,18.44,29.11,0.42,15.96,15.38,62.44,7.23
-97.722185,30.249958,2004,8,18,231,2004-08-18,14.59,27.23,23.51,2.4,2.1,19.79,28.55,0.42,15.96,13.95,67.62,7.23
-97.716407,30.386971,2004,8,18,231,2004-08-18,13.49,27.56,23,2.58,2.1,18.44,29.11,0.42,15.96,15.38,62.44,7.23
-97.714301,30.379856,2004,8,18,231,2004-08-18,13.49,27.56,23,2.58,2.1,18.44,29.11,0.42,15.96,15.38,62.44,7.23
-97.729415,30.400422,2004,8,18,231,2004-08-18,13.49,27.56,23,2.58,2.1,18.44,29.11,0.42,15.96,15.38,62.44,7.23
-97.805566,30.202651,2004,8,18,231,2004-08-18,14.59,27.23,23.51,2.4,2.1,19.79,28.55,0.42,15.96,13.95,67.62,7.23
-97.747854,30.287802,2004,8,18,231,2004-08-18,13.49,27.56,23,2.58,2.1,18.44,29.11,0.42,15.96,15.38,62.44,7.23
-97.774679,30.471661,2004,8,18,231,2004-08-18,13.49,27.56,23,2.58,2.1,18.44,29.11,0.42,15.96,15.38,62.44,7.23
-97.791389,30.455402,2004,8,18,231,2004-08-18,13.49,27.56,23,2.58,2.1,18.44,29.11,0.42,15.96,15.38,62.44,7.23
-97.791324,30.212314,2004,8,18,231,2004-08-18,14.59,27.23,23.51,2.4,2.1,19.79,28.55,0.42,15.96,13.95,67.62,7.23
-97.728139,30.259684,2004,8,18,231,2004-08-18,13.49,27.56,23,2.58,2.1,18.44,29.11,0.42,15.96,15.38,62.44,7.23
-97.72853,30.242018,2004,8,18,231,2004-08-18,14.59,27.23,23.51,2.4,2.1,19.79,28.55,0.42,15.96,13.95,67.62,7.23
-97.630424,30.402107,2004,8,18,231,2004-08-18,13.49,27.56,23,2.58,2.1,18.44,29.11,0.42,15.96,15.38,62.44,7.23
-97.717693,30.393122,2004,8,18,231,2004-08-18,13.49,27.56,23,2.58,2.1,18.44,29.11,0.42,15.96,15.38,62.44,7.23
-97.763751,30.181372,2004,8,18,231,2004-08-18,14.59,27.23,23.51,2.4,2.1,19.79,28.55,0.42,15.96,13.95,67.62,7.23
-97.611932,30.212071,2004,8,18,231,2004-08-18,14.59,27.23,23.51,2.4,2.1,19.79,28.55,0.42,15.96,13.95,67.62,7.23
-97.679994,30.332508,2004,8,18,231,2004-08-18,13.49,27.56,23,2.58,2.1,18.44,29.11,0.42,15.96,15.38,62.44,7.23
-97.740949,30.270622,2004,8,18,231,2004-08-18,13.49,27.56,23,2.58,2.1,18.44,29.11,0.42,15.96,15.38,62.44,7.23
-97.757113,30.371773,2004,8,18,231,2004-08-18,13.49,27.56,23,2.58,2.1,18.44,29.11,0.42,15.96,15.38,62.44,7.23
-97.710274,30.36441,2004,8,18,231,2004-08-18,13.49,27.56,23,2.58,2.1,18.44,29.11,0.42,15.96,15.38,62.44,7.23
-97.639793,30.380807,2004,8,18,231,2004-08-18,13.49,27.56,23,2.58,2.1,18.44,29.11,0.42,15.96,15.38,62.44,7.23
-97.731646,30.263767,2004,8,18,231,2004-08-18,13.49,27.56,23,2.58,2.1,18.44,29.11,0.42,15.96,15.38,62.44,7.23
-97.702463,30.325539,2004,8,18,231,2004-08-18,13.49,27.56,23,2.58,2.1,18.44,29.11,0.42,15.96,15.38,62.44,7.23
-97.794785,30.260589,2004,8,18,231,2004-08-18,13.49,27.56,23,2.58,2.1,18.44,29.11,0.42,15.96,15.38,62.44,7.23
-97.745769,30.263975,2004,8,18,231,2004-08-18,13.49,27.56,23,2.58,2.1,18.44,29.11,0.42,15.96,15.38,62.44,7.23
-97.773635,30.252383,2004,8,18,231,2004-08-18,13.49,27.56,23,2.58,2.1,18.44,29.11,0.42,15.96,15.38,62.44,7.23
-97.699326,30.226436,2004,8,18,231,2004-08-18,14.59,27.23,23.51,2.4,2.1,19.79,28.55,0.42,15.96,13.95,67.62,7.23
-97.794705,30.45664,2004,8,18,231,2004-08-18,13.49,27.56,23,2.58,2.1,18.44,29.11,0.42,15.96,15.38,62.44,7.23
-97.646394,30.385986,2004,8,18,231,2004-08-18,13.49,27.56,23,2.58,2.1,18.44,29.11,0.42,15.96,15.38,62.44,7.23
-97.682221,30.334073,2004,8,18,231,2004-08-18,13.49,27.56,23,2.58,2.1,18.44,29.11,0.42,15.96,15.38,62.44,7.23
-97.819419,30.172788,2004,8,18,231,2004-08-18,14.34,27.09,23.19,2.7,2.1,19.3,28.58,0.42,15.96,12.88,65.75,7.23
-97.733613,30.377554,2004,8,18,231,2004-08-18,13.49,27.56,23,2.58,2.1,18.44,29.11,0.42,15.96,15.38,62.44,7.23
-97.704846,30.306716,2004,8,18,231,2004-08-18,13.49,27.56,23,2.58,2.1,18.44,29.11,0.42,15.96,15.38,62.44,7.23
-97.766118,30.274085,2004,8,18,231,2004-08-18,13.49,27.56,23,2.58,2.1,18.44,29.11,0.42,15.96,15.38,62.44,7.23
-97.756832,30.272611,2004,8,18,231,2004-08-18,13.49,27.56,23,2.58,2.1,18.44,29.11,0.42,15.96,15.38,62.44,7.23
-97.669848,30.423878,2004,8,18,231,2004-08-18,13.49,27.56,23,2.58,2.1,18.44,29.11,0.42,15.96,15.38,62.44,7.23
-97.807992,30.203226,2004,8,18,231,2004-08-18,14.59,27.23,23.51,2.4,2.1,19.79,28.55,0.42,15.96,13.95,67.62,7.23
-97.687628,30.223476,2004,8,18,231,2004-08-18,14.59,27.23,23.51,2.4,2.1,19.79,28.55,0.42,15.96,13.95,67.62,7.23
-97.721888,30.382713,2004,8,18,231,2004-08-18,13.49,27.56,23,2.58,2.1,18.44,29.11,0.42,15.96,15.38,62.44,7.23
-97.630278,30.401527,2004,8,18,231,2004-08-18,13.49,27.56,23,2.58,2.1,18.44,29.11,0.42,15.96,15.38,62.44,7.23
-97.757858,30.21085,2004,8,18,231,2004-08-18,14.59,27.23,23.51,2.4,2.1,19.79,28.55,0.42,15.96,13.95,67.62,7.23
-97.72231,30.407302,2004,8,18,231,2004-08-18,13.49,27.56,23,2.58,2.1,18.44,29.11,0.42,15.96,15.38,62.44,7.23
-97.724829,30.26245,2004,8,18,231,2004-08-18,13.49,27.56,23,2.58,2.1,18.44,29.11,0.42,15.96,15.38,62.44,7.23
-97.703772,30.377667,2004,8,18,231,2004-08-18,13.49,27.56,23,2.58,2.1,18.44,29.11,0.42,15.96,15.38,62.44,7.23
-97.76469,30.304565,2004,8,18,231,2004-08-18,13.49,27.56,23,2.58,2.1,18.44,29.11,0.42,15.96,15.38,62.44,7.23
-97.712138,30.388054,2004,8,18,231,2004-08-18,13.49,27.56,23,2.58,2.1,18.44,29.11,0.42,15.96,15.38,62.44,7.23
-97.676193,30.368612,2004,8,18,231,2004-08-18,13.49,27.56,23,2.58,2.1,18.44,29.11,0.42,15.96,15.38,62.44,7.23
-97.720686,30.394509,2004,8,18,231,2004-08-18,13.49,27.56,23,2.58,2.1,18.44,29.11,0.42,15.96,15.38,62.44,7.23
-97.680078,30.331336,2004,8,18,231,2004-08-18,13.49,27.56,23,2.58,2.1,18.44,29.11,0.42,15.96,15.38,62.44,7.23
-97.747927,30.334347,2004,8,18,231,2004-08-18,13.49,27.56,23,2.58,2.1,18.44,29.11,0.42,15.96,15.38,62.44,7.23
-97.753657,30.238716,2004,8,18,231,2004-08-18,14.59,27.23,23.51,2.4,2.1,19.79,28.55,0.42,15.96,13.95,67.62,7.23
-97.764711,30.433868,2004,8,18,231,2004-08-18,13.49,27.56,23,2.58,2.1,18.44,29.11,0.42,15.96,15.38,62.44,7.23
-97.760067,30.429156,2004,8,18,231,2004-08-18,13.49,27.56,23,2.58,2.1,18.44,29.11,0.42,15.96,15.38,62.44,7.23
-97.712012,30.3895,2004,8,18,231,2004-08-18,13.49,27.56,23,2.58,2.1,18.44,29.11,0.42,15.96,15.38,62.44,7.23
-97.707342,30.387272,2004,8,18,231,2004-08-18,13.49,27.56,23,2.58,2.1,18.44,29.11,0.42,15.96,15.38,62.44,7.23
-97.705199,30.317551,2004,8,18,231,2004-08-18,13.49,27.56,23,2.58,2.1,18.44,29.11,0.42,15.96,15.38,62.44,7.23
-97.793309,30.213389,2004,8,18,231,2004-08-18,14.59,27.23,23.51,2.4,2.1,19.79,28.55,0.42,15.96,13.95,67.62,7.23
-97.74476,30.254962,2004,8,18,231,2004-08-18,13.49,27.56,23,2.58,2.1,18.44,29.11,0.42,15.96,15.38,62.44,7.23
-97.744552,30.288959,2004,8,18,231,2004-08-18,13.49,27.56,23,2.58,2.1,18.44,29.11,0.42,15.96,15.38,62.44,7.23
-97.82323,30.28226,2004,8,18,231,2004-08-18,13.49,27.26,22.72,2.74,2.1,18.17,28.74,0.42,15.96,14.34,61.56,7.23
-97.762676,30.273464,2004,8,18,231,2004-08-18,13.49,27.56,23,2.58,2.1,18.44,29.11,0.42,15.96,15.38,62.44,7.23
-97.788031,30.234747,2004,8,18,231,2004-08-18,14.59,27.23,23.51,2.4,2.1,19.79,28.55,0.42,15.96,13.95,67.62,7.23
-97.732905,30.26001,2004,8,18,231,2004-08-18,13.49,27.56,23,2.58,2.1,18.44,29.11,0.42,15.96,15.38,62.44,7.23
-97.774331,30.441869,2004,8,18,231,2004-08-18,13.49,27.56,23,2.58,2.1,18.44,29.11,0.42,15.96,15.38,62.44,7.23
-97.777969,30.246629,2004,8,18,231,2004-08-18,14.59,27.23,23.51,2.4,2.1,19.79,28.55,0.42,15.96,13.95,67.62,7.23
-97.719672,30.401684,2004,8,18,231,2004-08-18,13.49,27.56,23,2.58,2.1,18.44,29.11,0.42,15.96,15.38,62.44,7.23
-97.766929,30.457155,2004,8,18,231,2004-08-18,13.49,27.56,23,2.58,2.1,18.44,29.11,0.42,15.96,15.38,62.44,7.23
-97.746477,30.300334,2004,8,18,231,2004-08-18,13.49,27.56,23,2.58,2.1,18.44,29.11,0.42,15.96,15.38,62.44,7.23
-97.733456,30.398702,2004,8,18,231,2004-08-18,13.49,27.56,23,2.58,2.1,18.44,29.11,0.42,15.96,15.38,62.44,7.23
-97.711794,30.389397,2004,8,18,231,2004-08-18,13.49,27.56,23,2.58,2.1,18.44,29.11,0.42,15.96,15.38,62.44,7.23
-97.740482,30.215582,2004,8,18,231,2004-08-18,14.59,27.23,23.51,2.4,2.1,19.79,28.55,0.42,15.96,13.95,67.62,7.23
-97.782404,30.44436,2004,8,18,231,2004-08-18,13.49,27.56,23,2.58,2.1,18.44,29.11,0.42,15.96,15.38,62.44,7.23
-97.747697,30.304141,2004,8,18,231,2004-08-18,13.49,27.56,23,2.58,2.1,18.44,29.11,0.42,15.96,15.38,62.44,7.23
-97.741738,30.286227,2004,8,18,231,2004-08-18,13.49,27.56,23,2.58,2.1,18.44,29.11,0.42,15.96,15.38,62.44,7.23
-97.631159,30.400984,2004,8,18,231,2004-08-18,13.49,27.56,23,2.58,2.1,18.44,29.11,0.42,15.96,15.38,62.44,7.23
-97.703485,30.281795,2004,8,18,231,2004-08-18,13.49,27.56,23,2.58,2.1,18.44,29.11,0.42,15.96,15.38,62.44,7.23
-97.751642,30.289733,2004,8,18,231,2004-08-18,13.49,27.56,23,2.58,2.1,18.44,29.11,0.42,15.96,15.38,62.44,7.23
-97.693799,30.382521,2004,8,18,231,2004-08-18,13.49,27.56,23,2.58,2.1,18.44,29.11,0.42,15.96,15.38,62.44,7.23
-97.689256,30.241631,2004,8,18,231,2004-08-18,14.59,27.23,23.51,2.4,2.1,19.79,28.55,0.42,15.96,13.95,67.62,7.23
-97.759023,30.373836,2004,8,18,231,2004-08-18,13.49,27.56,23,2.58,2.1,18.44,29.11,0.42,15.96,15.38,62.44,7.23
-97.734838,30.231034,2004,8,18,231,2004-08-18,14.59,27.23,23.51,2.4,2.1,19.79,28.55,0.42,15.96,13.95,67.62,7.23
-97.733999,30.357615,2004,8,18,231,2004-08-18,13.49,27.56,23,2.58,2.1,18.44,29.11,0.42,15.96,15.38,62.44,7.23
-97.708531,30.323315,2004,8,18,231,2004-08-18,13.49,27.56,23,2.58,2.1,18.44,29.11,0.42,15.96,15.38,62.44,7.23
-97.762786,30.22772,2004,8,18,231,2004-08-18,14.59,27.23,23.51,2.4,2.1,19.79,28.55,0.42,15.96,13.95,67.62,7.23
-97.706963,30.305589,2004,8,18,231,2004-08-18,13.49,27.56,23,2.58,2.1,18.44,29.11,0.42,15.96,15.38,62.44,7.23
-97.765908,30.250507,2004,8,18,231,2004-08-18,13.49,27.56,23,2.58,2.1,18.44,29.11,0.42,15.96,15.38,62.44,7.23
-97.765509,30.250877,2004,8,18,231,2004-08-18,13.49,27.56,23,2.58,2.1,18.44,29.11,0.42,15.96,15.38,62.44,7.23
-97.68095,30.377514,2004,8,18,231,2004-08-18,13.49,27.56,23,2.58,2.1,18.44,29.11,0.42,15.96,15.38,62.44,7.23
-97.679726,30.258681,2004,8,18,231,2004-08-18,13.49,27.56,23,2.58,2.1,18.44,29.11,0.42,15.96,15.38,62.44,7.23
-97.705113,30.297311,2004,8,18,231,2004-08-18,13.49,27.56,23,2.58,2.1,18.44,29.11,0.42,15.96,15.38,62.44,7.23
-97.714612,30.386093,2004,8,18,231,2004-08-18,13.49,27.56,23,2.58,2.1,18.44,29.11,0.42,15.96,15.38,62.44,7.23
-97.634035,30.401351,2004,8,18,231,2004-08-18,13.49,27.56,23,2.58,2.1,18.44,29.11,0.42,15.96,15.38,62.44,7.23
-97.702467,30.427179,2004,8,18,231,2004-08-18,13.49,27.56,23,2.58,2.1,18.44,29.11,0.42,15.96,15.38,62.44,7.23
-97.743599,30.276319,2004,8,18,231,2004-08-18,13.49,27.56,23,2.58,2.1,18.44,29.11,0.42,15.96,15.38,62.44,7.23
-97.708113,30.412144,2004,8,18,231,2004-08-18,13.49,27.56,23,2.58,2.1,18.44,29.11,0.42,15.96,15.38,62.44,7.23
-97.760003,30.433423,2004,8,18,231,2004-08-18,13.49,27.56,23,2.58,2.1,18.44,29.11,0.42,15.96,15.38,62.44,7.23
-97.67579,30.417347,2004,8,18,231,2004-08-18,13.49,27.56,23,2.58,2.1,18.44,29.11,0.42,15.96,15.38,62.44,7.23
-97.706266,30.418527,2004,8,18,231,2004-08-18,13.49,27.56,23,2.58,2.1,18.44,29.11,0.42,15.96,15.38,62.44,7.23
-97.802795,30.463784,2004,8,18,231,2004-08-18,13.49,27.56,23,2.58,2.1,18.44,29.11,0.42,15.96,15.38,62.44,7.23
-97.711644,30.386568,2004,8,18,231,2004-08-18,13.49,27.56,23,2.58,2.1,18.44,29.11,0.42,15.96,15.38,62.44,7.23
-97.719976,30.281036,2004,8,18,231,2004-08-18,13.49,27.56,23,2.58,2.1,18.44,29.11,0.42,15.96,15.38,62.44,7.23
-97.720737,30.277589,2004,8,18,231,2004-08-18,13.49,27.56,23,2.58,2.1,18.44,29.11,0.42,15.96,15.38,62.44,7.23
-97.745034,30.306073,2004,8,18,231,2004-08-18,13.49,27.56,23,2.58,2.1,18.44,29.11,0.42,15.96,15.38,62.44,7.23
-97.740263,30.271476,2004,8,18,231,2004-08-18,13.49,27.56,23,2.58,2.1,18.44,29.11,0.42,15.96,15.38,62.44,7.23
-97.759064,30.263621,2004,8,18,231,2004-08-18,13.49,27.56,23,2.58,2.1,18.44,29.11,0.42,15.96,15.38,62.44,7.23
-97.785741,30.450753,2004,8,18,231,2004-08-18,13.49,27.56,23,2.58,2.1,18.44,29.11,0.42,15.96,15.38,62.44,7.23
-97.71958,30.384568,2004,8,18,231,2004-08-18,13.49,27.56,23,2.58,2.1,18.44,29.11,0.42,15.96,15.38,62.44,7.23
-97.787444,30.465924,2004,8,18,231,2004-08-18,13.49,27.56,23,2.58,2.1,18.44,29.11,0.42,15.96,15.38,62.44,7.23
-97.716973,30.254447,2004,8,18,231,2004-08-18,13.49,27.56,23,2.58,2.1,18.44,29.11,0.42,15.96,15.38,62.44,7.23
-97.709914,30.392953,2004,8,18,231,2004-08-18,13.49,27.56,23,2.58,2.1,18.44,29.11,0.42,15.96,15.38,62.44,7.23
-97.706314,30.344268,2004,8,18,231,2004-08-18,13.49,27.56,23,2.58,2.1,18.44,29.11,0.42,15.96,15.38,62.44,7.23
-97.698662,30.438049,2004,8,18,231,2004-08-18,13.49,27.56,23,2.58,2.1,18.44,29.11,0.42,15.96,15.38,62.44,7.23
-97.689962,30.414292,2004,8,18,231,2004-08-18,13.49,27.56,23,2.58,2.1,18.44,29.11,0.42,15.96,15.38,62.44,7.23
-97.794747,30.139452,2004,8,18,231,2004-08-18,14.59,27.23,23.51,2.4,2.1,19.79,28.55,0.42,15.96,13.95,67.62,7.23
-97.730474,30.265454,2004,8,18,231,2004-08-18,13.49,27.56,23,2.58,2.1,18.44,29.11,0.42,15.96,15.38,62.44,7.23
-97.718138,30.252716,2004,8,18,231,2004-08-18,13.49,27.56,23,2.58,2.1,18.44,29.11,0.42,15.96,15.38,62.44,7.23
-97.738283,30.263536,2004,8,18,231,2004-08-18,13.49,27.56,23,2.58,2.1,18.44,29.11,0.42,15.96,15.38,62.44,7.23
-97.772979,30.247338,2004,8,18,231,2004-08-18,14.59,27.23,23.51,2.4,2.1,19.79,28.55,0.42,15.96,13.95,67.62,7.23
-97.767313,30.298139,2004,8,18,231,2004-08-18,13.49,27.56,23,2.58,2.1,18.44,29.11,0.42,15.96,15.38,62.44,7.23
-97.713092,30.385339,2004,8,18,231,2004-08-18,13.49,27.56,23,2.58,2.1,18.44,29.11,0.42,15.96,15.38,62.44,7.23
-97.746459,30.26536,2004,8,18,231,2004-08-18,13.49,27.56,23,2.58,2.1,18.44,29.11,0.42,15.96,15.38,62.44,7.23
-97.709601,30.390352,2004,8,18,231,2004-08-18,13.49,27.56,23,2.58,2.1,18.44,29.11,0.42,15.96,15.38,62.44,7.23
-97.861448,30.217891,2004,8,18,231,2004-08-18,14.34,27.09,23.19,2.7,2.1,19.3,28.58,0.42,15.96,12.88,65.75,7.23
-97.747662,30.274906,2004,8,18,231,2004-08-18,13.49,27.56,23,2.58,2.1,18.44,29.11,0.42,15.96,15.38,62.44,7.23
-97.761835,30.221153,2004,8,18,231,2004-08-18,14.59,27.23,23.51,2.4,2.1,19.79,28.55,0.42,15.96,13.95,67.62,7.23
-97.743789,30.268334,2004,8,18,231,2004-08-18,13.49,27.56,23,2.58,2.1,18.44,29.11,0.42,15.96,15.38,62.44,7.23
-97.731374,30.250935,2004,8,18,231,2004-08-18,13.49,27.56,23,2.58,2.1,18.44,29.11,0.42,15.96,15.38,62.44,7.23
-97.760535,30.272592,2004,8,18,231,2004-08-18,13.49,27.56,23,2.58,2.1,18.44,29.11,0.42,15.96,15.38,62.44,7.23
-97.6823,30.390835,2004,8,18,231,2004-08-18,13.49,27.56,23,2.58,2.1,18.44,29.11,0.42,15.96,15.38,62.44,7.23
-97.79483,30.464553,2004,8,18,231,2004-08-18,13.49,27.56,23,2.58,2.1,18.44,29.11,0.42,15.96,15.38,62.44,7.23
-97.629825,30.403068,2004,8,18,231,2004-08-18,13.49,27.56,23,2.58,2.1,18.44,29.11,0.42,15.96,15.38,62.44,7.23
-97.775395,30.437579,2004,8,18,231,2004-08-18,13.49,27.56,23,2.58,2.1,18.44,29.11,0.42,15.96,15.38,62.44,7.23
-97.693373,30.382319,2004,8,18,231,2004-08-18,13.49,27.56,23,2.58,2.1,18.44,29.11,0.42,15.96,15.38,62.44,7.23
-97.799655,30.464292,2004,8,18,231,2004-08-18,13.49,27.56,23,2.58,2.1,18.44,29.11,0.42,15.96,15.38,62.44,7.23
-97.792522,30.458839,2004,8,18,231,2004-08-18,13.49,27.56,23,2.58,2.1,18.44,29.11,0.42,15.96,15.38,62.44,7.23
-97.720336,30.390763,2004,8,18,231,2004-08-18,13.49,27.56,23,2.58,2.1,18.44,29.11,0.42,15.96,15.38,62.44,7.23
-97.852761,30.153196,2004,8,18,231,2004-08-18,14.34,27.09,23.19,2.7,2.1,19.3,28.58,0.42,15.96,12.88,65.75,7.23
-97.791091,30.163171,2004,8,18,231,2004-08-18,14.59,27.23,23.51,2.4,2.1,19.79,28.55,0.42,15.96,13.95,67.62,7.23
-97.792237,30.454183,2004,8,18,231,2004-08-18,13.49,27.56,23,2.58,2.1,18.44,29.11,0.42,15.96,15.38,62.44,7.23
-97.711225,30.330687,2004,8,18,231,2004-08-18,13.49,27.56,23,2.58,2.1,18.44,29.11,0.42,15.96,15.38,62.44,7.23
-97.744323,30.254362,2004,8,18,231,2004-08-18,13.49,27.56,23,2.58,2.1,18.44,29.11,0.42,15.96,15.38,62.44,7.23
-97.735077,30.358106,2004,8,18,231,2004-08-18,13.49,27.56,23,2.58,2.1,18.44,29.11,0.42,15.96,15.38,62.44,7.23
-97.768886,30.241024,2004,8,18,231,2004-08-18,14.59,27.23,23.51,2.4,2.1,19.79,28.55,0.42,15.96,13.95,67.62,7.23
-97.760003,30.433423,2004,8,18,231,2004-08-18,13.49,27.56,23,2.58,2.1,18.44,29.11,0.42,15.96,15.38,62.44,7.23
-97.691306,30.220859,2004,8,18,231,2004-08-18,14.59,27.23,23.51,2.4,2.1,19.79,28.55,0.42,15.96,13.95,67.62,7.23
-97.732366,30.230384,2004,8,18,231,2004-08-18,14.59,27.23,23.51,2.4,2.1,19.79,28.55,0.42,15.96,13.95,67.62,7.23
-97.678682,30.253357,2004,8,18,231,2004-08-18,13.49,27.56,23,2.58,2.1,18.44,29.11,0.42,15.96,15.38,62.44,7.23
-97.684346,30.278492,2004,8,18,231,2004-08-18,13.49,27.56,23,2.58,2.1,18.44,29.11,0.42,15.96,15.38,62.44,7.23
-97.744481,30.289667,2004,8,18,231,2004-08-18,13.49,27.56,23,2.58,2.1,18.44,29.11,0.42,15.96,15.38,62.44,7.23
-97.824592,30.171367,2004,8,18,231,2004-08-18,14.34,27.09,23.19,2.7,2.1,19.3,28.58,0.42,15.96,12.88,65.75,7.23
-97.745842,30.405013,2004,8,18,231,2004-08-18,13.49,27.56,23,2.58,2.1,18.44,29.11,0.42,15.96,15.38,62.44,7.23
-97.763845,30.431004,2004,8,18,231,2004-08-18,13.49,27.56,23,2.58,2.1,18.44,29.11,0.42,15.96,15.38,62.44,7.23
-97.674588,30.329488,2004,8,18,231,2004-08-18,13.49,27.56,23,2.58,2.1,18.44,29.11,0.42,15.96,15.38,62.44,7.23
-97.67913,30.402243,2004,8,18,231,2004-08-18,13.49,27.56,23,2.58,2.1,18.44,29.11,0.42,15.96,15.38,62.44,7.23
-97.720058,30.298553,2004,8,18,231,2004-08-18,13.49,27.56,23,2.58,2.1,18.44,29.11,0.42,15.96,15.38,62.44,7.23
-97.720193,30.378139,2004,8,18,231,2004-08-18,13.49,27.56,23,2.58,2.1,18.44,29.11,0.42,15.96,15.38,62.44,7.23
-97.7191,30.39238,2004,8,18,231,2004-08-18,13.49,27.56,23,2.58,2.1,18.44,29.11,0.42,15.96,15.38,62.44,7.23
-97.734337,30.300888,2004,8,18,231,2004-08-18,13.49,27.56,23,2.58,2.1,18.44,29.11,0.42,15.96,15.38,62.44,7.23
-97.797322,30.454288,2004,8,18,231,2004-08-18,13.49,27.56,23,2.58,2.1,18.44,29.11,0.42,15.96,15.38,62.44,7.23
-97.715862,30.386705,2004,8,18,231,2004-08-18,13.49,27.56,23,2.58,2.1,18.44,29.11,0.42,15.96,15.38,62.44,7.23
-97.67227,30.347209,2004,8,18,231,2004-08-18,13.49,27.56,23,2.58,2.1,18.44,29.11,0.42,15.96,15.38,62.44,7.23
-97.793827,30.259921,2004,8,18,231,2004-08-18,13.49,27.56,23,2.58,2.1,18.44,29.11,0.42,15.96,15.38,62.44,7.23
-97.770494,30.248277,2004,8,18,231,2004-08-18,14.59,27.23,23.51,2.4,2.1,19.79,28.55,0.42,15.96,13.95,67.62,7.23
-97.684066,30.386554,2004,8,18,231,2004-08-18,13.49,27.56,23,2.58,2.1,18.44,29.11,0.42,15.96,15.38,62.44,7.23
-97.687198,30.326754,2004,8,18,231,2004-08-18,13.49,27.56,23,2.58,2.1,18.44,29.11,0.42,15.96,15.38,62.44,7.23
-97.709009,30.391281,2004,8,18,231,2004-08-18,13.49,27.56,23,2.58,2.1,18.44,29.11,0.42,15.96,15.38,62.44,7.23
-97.864739,30.230445,2004,8,18,231,2004-08-18,14.34,27.09,23.19,2.7,2.1,19.3,28.58,0.42,15.96,12.88,65.75,7.23
-97.767866,30.297264,2004,8,18,231,2004-08-18,13.49,27.56,23,2.58,2.1,18.44,29.11,0.42,15.96,15.38,62.44,7.23
-97.680796,30.25512,2004,8,18,231,2004-08-18,13.49,27.56,23,2.58,2.1,18.44,29.11,0.42,15.96,15.38,62.44,7.23
-97.66516,30.170924,2004,8,18,231,2004-08-18,14.59,27.23,23.51,2.4,2.1,19.79,28.55,0.42,15.96,13.95,67.62,7.23
-97.750962,30.246123,2004,8,18,231,2004-08-18,14.59,27.23,23.51,2.4,2.1,19.79,28.55,0.42,15.96,13.95,67.62,7.23
-97.738847,30.433779,2004,8,18,231,2004-08-18,13.49,27.56,23,2.58,2.1,18.44,29.11,0.42,15.96,15.38,62.44,7.23
-97.726049,30.238578,2004,8,18,231,2004-08-18,14.59,27.23,23.51,2.4,2.1,19.79,28.55,0.42,15.96,13.95,67.62,7.23
-97.778478,30.445374,2004,8,18,231,2004-08-18,13.49,27.56,23,2.58,2.1,18.44,29.11,0.42,15.96,15.38,62.44,7.23
-97.802931,30.478876,2004,8,18,231,2004-08-18,13.49,27.56,23,2.58,2.1,18.44,29.11,0.42,15.96,15.38,62.44,7.23
-97.692811,30.301443,2004,8,18,231,2004-08-18,13.49,27.56,23,2.58,2.1,18.44,29.11,0.42,15.96,15.38,62.44,7.23
-97.743208,30.274106,2004,8,18,231,2004-08-18,13.49,27.56,23,2.58,2.1,18.44,29.11,0.42,15.96,15.38,62.44,7.23
-97.790389,30.263107,2004,8,18,231,2004-08-18,13.49,27.56,23,2.58,2.1,18.44,29.11,0.42,15.96,15.38,62.44,7.23
-97.744835,30.286309,2004,8,18,231,2004-08-18,13.49,27.56,23,2.58,2.1,18.44,29.11,0.42,15.96,15.38,62.44,7.23
-97.791563,30.456098,2004,8,18,231,2004-08-18,13.49,27.56,23,2.58,2.1,18.44,29.11,0.42,15.96,15.38,62.44,7.23
-97.674495,30.155492,2004,8,18,231,2004-08-18,14.59,27.23,23.51,2.4,2.1,19.79,28.55,0.42,15.96,13.95,67.62,7.23
-97.749138,30.290511,2004,8,18,231,2004-08-18,13.49,27.56,23,2.58,2.1,18.44,29.11,0.42,15.96,15.38,62.44,7.23
-97.716932,30.385677,2004,8,18,231,2004-08-18,13.49,27.56,23,2.58,2.1,18.44,29.11,0.42,15.96,15.38,62.44,7.23
-97.73276,30.356921,2004,8,18,231,2004-08-18,13.49,27.56,23,2.58,2.1,18.44,29.11,0.42,15.96,15.38,62.44,7.23
-97.774785,30.285249,2004,8,18,231,2004-08-18,13.49,27.56,23,2.58,2.1,18.44,29.11,0.42,15.96,15.38,62.44,7.23
-97.746637,30.28408,2004,8,18,231,2004-08-18,13.49,27.56,23,2.58,2.1,18.44,29.11,0.42,15.96,15.38,62.44,7.23
-97.72547,30.271499,2004,8,18,231,2004-08-18,13.49,27.56,23,2.58,2.1,18.44,29.11,0.42,15.96,15.38,62.44,7.23
-97.729745,30.253655,2004,8,18,231,2004-08-18,13.49,27.56,23,2.58,2.1,18.44,29.11,0.42,15.96,15.38,62.44,7.23
-97.630944,30.401304,2004,8,18,231,2004-08-18,13.49,27.56,23,2.58,2.1,18.44,29.11,0.42,15.96,15.38,62.44,7.23
-97.673965,30.328885,2004,8,18,231,2004-08-18,13.49,27.56,23,2.58,2.1,18.44,29.11,0.42,15.96,15.38,62.44,7.23
-97.75405,30.421329,2004,8,18,231,2004-08-18,13.49,27.56,23,2.58,2.1,18.44,29.11,0.42,15.96,15.38,62.44,7.23
-97.724829,30.26245,2004,8,18,231,2004-08-18,13.49,27.56,23,2.58,2.1,18.44,29.11,0.42,15.96,15.38,62.44,7.23
-97.758699,30.271872,2004,8,18,231,2004-08-18,13.49,27.56,23,2.58,2.1,18.44,29.11,0.42,15.96,15.38,62.44,7.23
-97.765103,30.432479,2004,8,18,231,2004-08-18,13.49,27.56,23,2.58,2.1,18.44,29.11,0.42,15.96,15.38,62.44,7.23
-97.682452,30.334048,2004,8,18,231,2004-08-18,13.49,27.56,23,2.58,2.1,18.44,29.11,0.42,15.96,15.38,62.44,7.23
-97.739816,30.233436,2004,8,18,231,2004-08-18,14.59,27.23,23.51,2.4,2.1,19.79,28.55,0.42,15.96,13.95,67.62,7.23
-97.692997,30.370223,2004,8,18,231,2004-08-18,13.49,27.56,23,2.58,2.1,18.44,29.11,0.42,15.96,15.38,62.44,7.23
-97.810066,30.255443,2004,8,18,231,2004-08-18,13.49,27.56,23,2.58,2.1,18.44,29.11,0.42,15.96,15.38,62.44,7.23
-97.720227,30.382132,2004,8,18,231,2004-08-18,13.49,27.56,23,2.58,2.1,18.44,29.11,0.42,15.96,15.38,62.44,7.23
-97.672906,30.334401,2004,8,18,231,2004-08-18,13.49,27.56,23,2.58,2.1,18.44,29.11,0.42,15.96,15.38,62.44,7.23
-97.715772,30.389418,2004,8,18,231,2004-08-18,13.49,27.56,23,2.58,2.1,18.44,29.11,0.42,15.96,15.38,62.44,7.23
-97.754014,30.238285,2004,8,18,231,2004-08-18,14.59,27.23,23.51,2.4,2.1,19.79,28.55,0.42,15.96,13.95,67.62,7.23
-97.721943,30.384986,2004,8,18,231,2004-08-18,13.49,27.56,23,2.58,2.1,18.44,29.11,0.42,15.96,15.38,62.44,7.23
-97.708807,30.399636,2004,8,18,231,2004-08-18,13.49,27.56,23,2.58,2.1,18.44,29.11,0.42,15.96,15.38,62.44,7.23
-97.764561,30.302452,2004,8,18,231,2004-08-18,13.49,27.56,23,2.58,2.1,18.44,29.11,0.42,15.96,15.38,62.44,7.23
-97.740209,30.320445,2004,8,18,231,2004-08-18,13.49,27.56,23,2.58,2.1,18.44,29.11,0.42,15.96,15.38,62.44,7.23
-97.714651,30.423153,2004,8,18,231,2004-08-18,13.49,27.56,23,2.58,2.1,18.44,29.11,0.42,15.96,15.38,62.44,7.23
-97.72079,30.262207,2004,8,18,231,2004-08-18,13.49,27.56,23,2.58,2.1,18.44,29.11,0.42,15.96,15.38,62.44,7.23
-97.714308,30.389121,2004,8,18,231,2004-08-18,13.49,27.56,23,2.58,2.1,18.44,29.11,0.42,15.96,15.38,62.44,7.23
-97.740472,30.264024,2004,8,18,231,2004-08-18,13.49,27.56,23,2.58,2.1,18.44,29.11,0.42,15.96,15.38,62.44,7.23
-97.704172,30.418654,2004,8,18,231,2004-08-18,13.49,27.56,23,2.58,2.1,18.44,29.11,0.42,15.96,15.38,62.44,7.23
-97.806494,30.209674,2004,8,18,231,2004-08-18,14.59,27.23,23.51,2.4,2.1,19.79,28.55,0.42,15.96,13.95,67.62,7.23
-97.680403,30.3348,2004,8,18,231,2004-08-18,13.49,27.56,23,2.58,2.1,18.44,29.11,0.42,15.96,15.38,62.44,7.23
-97.758718,30.273308,2004,8,18,231,2004-08-18,13.49,27.56,23,2.58,2.1,18.44,29.11,0.42,15.96,15.38,62.44,7.23
-97.722871,30.383045,2004,8,18,231,2004-08-18,13.49,27.56,23,2.58,2.1,18.44,29.11,0.42,15.96,15.38,62.44,7.23
-97.755547,30.426912,2004,8,18,231,2004-08-18,13.49,27.56,23,2.58,2.1,18.44,29.11,0.42,15.96,15.38,62.44,7.23
-97.706959,30.414906,2004,8,18,231,2004-08-18,13.49,27.56,23,2.58,2.1,18.44,29.11,0.42,15.96,15.38,62.44,7.23
-97.736509,30.277843,2004,8,18,231,2004-08-18,13.49,27.56,23,2.58,2.1,18.44,29.11,0.42,15.96,15.38,62.44,7.23
-97.816518,30.274324,2004,8,18,231,2004-08-18,13.49,27.26,22.72,2.74,2.1,18.17,28.74,0.42,15.96,14.34,61.56,7.23
-97.694225,30.099763,2004,8,18,231,2004-08-18,14.59,27.23,23.51,2.4,2.1,19.79,28.55,0.42,15.96,13.95,67.62,7.23
-97.8252,30.283341,2004,8,18,231,2004-08-18,13.49,27.26,22.72,2.74,2.1,18.17,28.74,0.42,15.96,14.34,61.56,7.23
-97.729626,30.42113,2004,8,18,231,2004-08-18,13.49,27.56,23,2.58,2.1,18.44,29.11,0.42,15.96,15.38,62.44,7.23
-97.721997,30.271355,2004,8,18,231,2004-08-18,13.49,27.56,23,2.58,2.1,18.44,29.11,0.42,15.96,15.38,62.44,7.23
-97.776281,30.205601,2004,8,18,231,2004-08-18,14.59,27.23,23.51,2.4,2.1,19.79,28.55,0.42,15.96,13.95,67.62,7.23
-97.711646,30.392825,2004,8,18,231,2004-08-18,13.49,27.56,23,2.58,2.1,18.44,29.11,0.42,15.96,15.38,62.44,7.23
-97.746717,30.288605,2004,8,18,231,2004-08-18,13.49,27.56,23,2.58,2.1,18.44,29.11,0.42,15.96,15.38,62.44,7.23
-97.781258,30.440294,2004,8,18,231,2004-08-18,13.49,27.56,23,2.58,2.1,18.44,29.11,0.42,15.96,15.38,62.44,7.23
-97.745212,30.302909,2004,8,18,231,2004-08-18,13.49,27.56,23,2.58,2.1,18.44,29.11,0.42,15.96,15.38,62.44,7.23
-97.711299,30.386855,2004,8,18,231,2004-08-18,13.49,27.56,23,2.58,2.1,18.44,29.11,0.42,15.96,15.38,62.44,7.23
-97.719374,30.407262,2004,8,18,231,2004-08-18,13.49,27.56,23,2.58,2.1,18.44,29.11,0.42,15.96,15.38,62.44,7.23
-97.760061,30.433813,2004,8,18,231,2004-08-18,13.49,27.56,23,2.58,2.1,18.44,29.11,0.42,15.96,15.38,62.44,7.23
-97.778633,30.19737,2004,8,18,231,2004-08-18,14.59,27.23,23.51,2.4,2.1,19.79,28.55,0.42,15.96,13.95,67.62,7.23
-97.746475,30.209775,2004,8,18,231,2004-08-18,14.59,27.23,23.51,2.4,2.1,19.79,28.55,0.42,15.96,13.95,67.62,7.23
-97.714379,30.382537,2004,8,18,231,2004-08-18,13.49,27.56,23,2.58,2.1,18.44,29.11,0.42,15.96,15.38,62.44,7.23
-97.740099,30.322484,2004,8,18,231,2004-08-18,13.49,27.56,23,2.58,2.1,18.44,29.11,0.42,15.96,15.38,62.44,7.23
-97.673606,30.390074,2004,8,18,231,2004-08-18,13.49,27.56,23,2.58,2.1,18.44,29.11,0.42,15.96,15.38,62.44,7.23
-97.727722,30.266569,2004,8,18,231,2004-08-18,13.49,27.56,23,2.58,2.1,18.44,29.11,0.42,15.96,15.38,62.44,7.23
-97.718665,30.381814,2004,8,18,231,2004-08-18,13.49,27.56,23,2.58,2.1,18.44,29.11,0.42,15.96,15.38,62.44,7.23
-97.751649,30.276282,2004,8,18,231,2004-08-18,13.49,27.56,23,2.58,2.1,18.44,29.11,0.42,15.96,15.38,62.44,7.23
-97.729265,30.35533,2004,8,18,231,2004-08-18,13.49,27.56,23,2.58,2.1,18.44,29.11,0.42,15.96,15.38,62.44,7.23
-97.760817,30.432038,2004,8,18,231,2004-08-18,13.49,27.56,23,2.58,2.1,18.44,29.11,0.42,15.96,15.38,62.44,7.23
-97.830722,30.172693,2004,8,18,231,2004-08-18,14.34,27.09,23.19,2.7,2.1,19.3,28.58,0.42,15.96,12.88,65.75,7.23
-97.749613,30.400711,2004,8,18,231,2004-08-18,13.49,27.56,23,2.58,2.1,18.44,29.11,0.42,15.96,15.38,62.44,7.23
-97.79458,30.456731,2004,8,18,231,2004-08-18,13.49,27.56,23,2.58,2.1,18.44,29.11,0.42,15.96,15.38,62.44,7.23
-97.708862,30.412896,2004,8,18,231,2004-08-18,13.49,27.56,23,2.58,2.1,18.44,29.11,0.42,15.96,15.38,62.44,7.23
-97.679972,30.331873,2004,8,18,231,2004-08-18,13.49,27.56,23,2.58,2.1,18.44,29.11,0.42,15.96,15.38,62.44,7.23
-97.705103,30.34353,2004,8,18,231,2004-08-18,13.49,27.56,23,2.58,2.1,18.44,29.11,0.42,15.96,15.38,62.44,7.23
-97.711791,30.29631,2004,8,18,231,2004-08-18,13.49,27.56,23,2.58,2.1,18.44,29.11,0.42,15.96,15.38,62.44,7.23
-97.67956,30.256154,2004,8,18,231,2004-08-18,13.49,27.56,23,2.58,2.1,18.44,29.11,0.42,15.96,15.38,62.44,7.23
-97.689195,30.37695,2004,8,18,231,2004-08-18,13.49,27.56,23,2.58,2.1,18.44,29.11,0.42,15.96,15.38,62.44,7.23
-97.778613,30.43293,2004,8,18,231,2004-08-18,13.49,27.56,23,2.58,2.1,18.44,29.11,0.42,15.96,15.38,62.44,7.23
-97.686098,30.382441,2004,8,18,231,2004-08-18,13.49,27.56,23,2.58,2.1,18.44,29.11,0.42,15.96,15.38,62.44,7.23
-97.689502,30.412643,2004,8,18,231,2004-08-18,13.49,27.56,23,2.58,2.1,18.44,29.11,0.42,15.96,15.38,62.44,7.23
-97.726317,30.25875,2004,8,18,231,2004-08-18,13.49,27.56,23,2.58,2.1,18.44,29.11,0.42,15.96,15.38,62.44,7.23
-97.759461,30.435468,2004,8,18,231,2004-08-18,13.49,27.56,23,2.58,2.1,18.44,29.11,0.42,15.96,15.38,62.44,7.23
-97.742416,30.308323,2004,8,18,231,2004-08-18,13.49,27.56,23,2.58,2.1,18.44,29.11,0.42,15.96,15.38,62.44,7.23
-97.743401,30.272339,2004,8,18,231,2004-08-18,13.49,27.56,23,2.58,2.1,18.44,29.11,0.42,15.96,15.38,62.44,7.23
-97.743794,30.27143,2004,8,18,231,2004-08-18,13.49,27.56,23,2.58,2.1,18.44,29.11,0.42,15.96,15.38,62.44,7.23
-97.716669,30.380993,2004,8,18,231,2004-08-18,13.49,27.56,23,2.58,2.1,18.44,29.11,0.42,15.96,15.38,62.44,7.23
-97.722556,30.405994,2004,8,18,231,2004-08-18,13.49,27.56,23,2.58,2.1,18.44,29.11,0.42,15.96,15.38,62.44,7.23
-97.718651,30.386047,2004,8,18,231,2004-08-18,13.49,27.56,23,2.58,2.1,18.44,29.11,0.42,15.96,15.38,62.44,7.23
-97.681423,30.35411,2004,8,18,231,2004-08-18,13.49,27.56,23,2.58,2.1,18.44,29.11,0.42,15.96,15.38,62.44,7.23
-97.745194,30.40304,2004,8,18,231,2004-08-18,13.49,27.56,23,2.58,2.1,18.44,29.11,0.42,15.96,15.38,62.44,7.23
-97.703406,30.400055,2004,8,18,231,2004-08-18,13.49,27.56,23,2.58,2.1,18.44,29.11,0.42,15.96,15.38,62.44,7.23
-97.713461,30.391107,2004,8,18,231,2004-08-18,13.49,27.56,23,2.58,2.1,18.44,29.11,0.42,15.96,15.38,62.44,7.23
-97.745692,30.209403,2004,8,18,231,2004-08-18,14.59,27.23,23.51,2.4,2.1,19.79,28.55,0.42,15.96,13.95,67.62,7.23
-97.813936,30.166195,2004,8,18,231,2004-08-18,14.34,27.09,23.19,2.7,2.1,19.3,28.58,0.42,15.96,12.88,65.75,7.23
-97.675661,30.345588,2004,8,18,231,2004-08-18,13.49,27.56,23,2.58,2.1,18.44,29.11,0.42,15.96,15.38,62.44,7.23
-97.698338,30.274526,2004,8,18,231,2004-08-18,13.49,27.56,23,2.58,2.1,18.44,29.11,0.42,15.96,15.38,62.44,7.23
-97.751351,30.213698,2004,8,18,231,2004-08-18,14.59,27.23,23.51,2.4,2.1,19.79,28.55,0.42,15.96,13.95,67.62,7.23
-97.751647,30.283245,2004,8,18,231,2004-08-18,13.49,27.56,23,2.58,2.1,18.44,29.11,0.42,15.96,15.38,62.44,7.23
-97.706674,30.399378,2004,8,18,231,2004-08-18,13.49,27.56,23,2.58,2.1,18.44,29.11,0.42,15.96,15.38,62.44,7.23
-97.707698,30.2217,2004,8,18,231,2004-08-18,14.59,27.23,23.51,2.4,2.1,19.79,28.55,0.42,15.96,13.95,67.62,7.23
-97.695504,30.301657,2004,8,18,231,2004-08-18,13.49,27.56,23,2.58,2.1,18.44,29.11,0.42,15.96,15.38,62.44,7.23
-97.742507,30.274035,2004,8,18,231,2004-08-18,13.49,27.56,23,2.58,2.1,18.44,29.11,0.42,15.96,15.38,62.44,7.23
-97.741567,30.28814,2004,8,18,231,2004-08-18,13.49,27.56,23,2.58,2.1,18.44,29.11,0.42,15.96,15.38,62.44,7.23
-97.690835,30.315307,2004,8,18,231,2004-08-18,13.49,27.56,23,2.58,2.1,18.44,29.11,0.42,15.96,15.38,62.44,7.23
-97.71489,30.259001,2004,8,18,231,2004-08-18,13.49,27.56,23,2.58,2.1,18.44,29.11,0.42,15.96,15.38,62.44,7.23
-97.731374,30.356395,2004,8,18,231,2004-08-18,13.49,27.56,23,2.58,2.1,18.44,29.11,0.42,15.96,15.38,62.44,7.23
-97.719879,30.32246,2004,8,18,231,2004-08-18,13.49,27.56,23,2.58,2.1,18.44,29.11,0.42,15.96,15.38,62.44,7.23
-97.749613,30.400711,2004,8,18,231,2004-08-18,13.49,27.56,23,2.58,2.1,18.44,29.11,0.42,15.96,15.38,62.44,7.23
-97.751976,30.27559,2004,8,18,231,2004-08-18,13.49,27.56,23,2.58,2.1,18.44,29.11,0.42,15.96,15.38,62.44,7.23
-97.709343,30.39053,2004,8,18,231,2004-08-18,13.49,27.56,23,2.58,2.1,18.44,29.11,0.42,15.96,15.38,62.44,7.23
-97.745768,30.306406,2004,8,18,231,2004-08-18,13.49,27.56,23,2.58,2.1,18.44,29.11,0.42,15.96,15.38,62.44,7.23
-97.759244,30.239081,2004,8,18,231,2004-08-18,14.59,27.23,23.51,2.4,2.1,19.79,28.55,0.42,15.96,13.95,67.62,7.23
-97.746638,30.274502,2004,8,18,231,2004-08-18,13.49,27.56,23,2.58,2.1,18.44,29.11,0.42,15.96,15.38,62.44,7.23
-97.766346,30.217071,2004,8,18,231,2004-08-18,14.59,27.23,23.51,2.4,2.1,19.79,28.55,0.42,15.96,13.95,67.62,7.23
-97.742183,30.280086,2004,8,18,231,2004-08-18,13.49,27.56,23,2.58,2.1,18.44,29.11,0.42,15.96,15.38,62.44,7.23
-97.748947,30.260402,2004,8,18,231,2004-08-18,13.49,27.56,23,2.58,2.1,18.44,29.11,0.42,15.96,15.38,62.44,7.23
-97.800981,30.273799,2004,8,18,231,2004-08-18,13.49,27.56,23,2.58,2.1,18.44,29.11,0.42,15.96,15.38,62.44,7.23
-97.767604,30.24935,2004,8,18,231,2004-08-18,14.59,27.23,23.51,2.4,2.1,19.79,28.55,0.42,15.96,13.95,67.62,7.23
-97.698338,30.274526,2004,8,18,231,2004-08-18,13.49,27.56,23,2.58,2.1,18.44,29.11,0.42,15.96,15.38,62.44,7.23
-97.692443,30.371187,2004,8,18,231,2004-08-18,13.49,27.56,23,2.58,2.1,18.44,29.11,0.42,15.96,15.38,62.44,7.23
-97.717632,30.402341,2004,8,18,231,2004-08-18,13.49,27.56,23,2.58,2.1,18.44,29.11,0.42,15.96,15.38,62.44,7.23
-97.758216,30.267894,2004,8,18,231,2004-08-18,13.49,27.56,23,2.58,2.1,18.44,29.11,0.42,15.96,15.38,62.44,7.23
-97.673629,30.38992,2004,8,18,231,2004-08-18,13.49,27.56,23,2.58,2.1,18.44,29.11,0.42,15.96,15.38,62.44,7.23
-97.766989,30.214344,2004,8,18,231,2004-08-18,14.59,27.23,23.51,2.4,2.1,19.79,28.55,0.42,15.96,13.95,67.62,7.23
-97.739613,30.283061,2004,8,18,231,2004-08-18,13.49,27.56,23,2.58,2.1,18.44,29.11,0.42,15.96,15.38,62.44,7.23
-97.713677,30.408019,2004,8,18,231,2004-08-18,13.49,27.56,23,2.58,2.1,18.44,29.11,0.42,15.96,15.38,62.44,7.23
-97.709077,30.319365,2004,8,18,231,2004-08-18,13.49,27.56,23,2.58,2.1,18.44,29.11,0.42,15.96,15.38,62.44,7.23
-97.685456,30.340053,2004,8,18,231,2004-08-18,13.49,27.56,23,2.58,2.1,18.44,29.11,0.42,15.96,15.38,62.44,7.23
-97.715741,30.393016,2004,8,18,231,2004-08-18,13.49,27.56,23,2.58,2.1,18.44,29.11,0.42,15.96,15.38,62.44,7.23
-97.7062,30.386712,2004,8,18,231,2004-08-18,13.49,27.56,23,2.58,2.1,18.44,29.11,0.42,15.96,15.38,62.44,7.23
-97.770332,30.43561,2004,8,18,231,2004-08-18,13.49,27.56,23,2.58,2.1,18.44,29.11,0.42,15.96,15.38,62.44,7.23
-97.79045,30.45069,2004,8,18,231,2004-08-18,13.49,27.56,23,2.58,2.1,18.44,29.11,0.42,15.96,15.38,62.44,7.23
-97.742468,30.386189,2004,8,18,231,2004-08-18,13.49,27.56,23,2.58,2.1,18.44,29.11,0.42,15.96,15.38,62.44,7.23
-97.70474,30.343848,2004,8,18,231,2004-08-18,13.49,27.56,23,2.58,2.1,18.44,29.11,0.42,15.96,15.38,62.44,7.23
-97.709867,30.283861,2004,8,18,231,2004-08-18,13.49,27.56,23,2.58,2.1,18.44,29.11,0.42,15.96,15.38,62.44,7.23
-97.732407,30.230406,2004,8,18,231,2004-08-18,14.59,27.23,23.51,2.4,2.1,19.79,28.55,0.42,15.96,13.95,67.62,7.23
-97.688909,30.412512,2004,8,18,231,2004-08-18,13.49,27.56,23,2.58,2.1,18.44,29.11,0.42,15.96,15.38,62.44,7.23
-97.671882,30.328153,2004,8,18,231,2004-08-18,13.49,27.56,23,2.58,2.1,18.44,29.11,0.42,15.96,15.38,62.44,7.23
-97.743895,30.263215,2004,8,18,231,2004-08-18,13.49,27.56,23,2.58,2.1,18.44,29.11,0.42,15.96,15.38,62.44,7.23
-97.713791,30.2831,2004,8,18,231,2004-08-18,13.49,27.56,23,2.58,2.1,18.44,29.11,0.42,15.96,15.38,62.44,7.23
-97.687322,30.410225,2004,8,18,231,2004-08-18,13.49,27.56,23,2.58,2.1,18.44,29.11,0.42,15.96,15.38,62.44,7.23
-97.789696,30.205258,2004,8,18,231,2004-08-18,14.59,27.23,23.51,2.4,2.1,19.79,28.55,0.42,15.96,13.95,67.62,7.23
-97.707145,30.219858,2004,8,18,231,2004-08-18,14.59,27.23,23.51,2.4,2.1,19.79,28.55,0.42,15.96,13.95,67.62,7.23
-97.809469,30.261419,2004,8,18,231,2004-08-18,13.49,27.56,23,2.58,2.1,18.44,29.11,0.42,15.96,15.38,62.44,7.23
-97.710066,30.389164,2004,8,18,231,2004-08-18,13.49,27.56,23,2.58,2.1,18.44,29.11,0.42,15.96,15.38,62.44,7.23
-97.697526,30.272293,2004,8,18,231,2004-08-18,13.49,27.56,23,2.58,2.1,18.44,29.11,0.42,15.96,15.38,62.44,7.23
-97.717359,30.381313,2004,8,18,231,2004-08-18,13.49,27.56,23,2.58,2.1,18.44,29.11,0.42,15.96,15.38,62.44,7.23
-97.712134,30.261364,2004,8,18,231,2004-08-18,13.49,27.56,23,2.58,2.1,18.44,29.11,0.42,15.96,15.38,62.44,7.23
-97.74644,30.209759,2004,8,18,231,2004-08-18,14.59,27.23,23.51,2.4,2.1,19.79,28.55,0.42,15.96,13.95,67.62,7.23
-97.765374,30.482406,2004,8,18,231,2004-08-18,13.49,27.56,23,2.58,2.1,18.44,29.11,0.42,15.96,15.38,62.44,7.23
-97.742693,30.287311,2004,8,18,231,2004-08-18,13.49,27.56,23,2.58,2.1,18.44,29.11,0.42,15.96,15.38,62.44,7.23
-97.759233,30.431561,2004,8,18,231,2004-08-18,13.49,27.56,23,2.58,2.1,18.44,29.11,0.42,15.96,15.38,62.44,7.23
-97.70141,30.318115,2004,8,18,231,2004-08-18,13.49,27.56,23,2.58,2.1,18.44,29.11,0.42,15.96,15.38,62.44,7.23
-97.758216,30.267894,2004,8,18,231,2004-08-18,13.49,27.56,23,2.58,2.1,18.44,29.11,0.42,15.96,15.38,62.44,7.23
-97.699292,30.401817,2004,8,18,231,2004-08-18,13.49,27.56,23,2.58,2.1,18.44,29.11,0.42,15.96,15.38,62.44,7.23
-97.751628,30.42586,2004,8,18,231,2004-08-18,13.49,27.56,23,2.58,2.1,18.44,29.11,0.42,15.96,15.38,62.44,7.23
-97.730055,30.355708,2004,8,18,231,2004-08-18,13.49,27.56,23,2.58,2.1,18.44,29.11,0.42,15.96,15.38,62.44,7.23
-97.68162,30.334138,2004,8,18,231,2004-08-18,13.49,27.56,23,2.58,2.1,18.44,29.11,0.42,15.96,15.38,62.44,7.23
-97.745662,30.398296,2004,8,18,231,2004-08-18,13.49,27.56,23,2.58,2.1,18.44,29.11,0.42,15.96,15.38,62.44,7.23
-97.688514,30.408233,2004,8,18,231,2004-08-18,13.49,27.56,23,2.58,2.1,18.44,29.11,0.42,15.96,15.38,62.44,7.23
-97.706996,30.391715,2004,8,18,231,2004-08-18,13.49,27.56,23,2.58,2.1,18.44,29.11,0.42,15.96,15.38,62.44,7.23
-97.72619,30.214345,2004,8,18,231,2004-08-18,14.59,27.23,23.51,2.4,2.1,19.79,28.55,0.42,15.96,13.95,67.62,7.23
-97.739009,30.295042,2004,8,18,231,2004-08-18,13.49,27.56,23,2.58,2.1,18.44,29.11,0.42,15.96,15.38,62.44,7.23
-97.692103,30.384435,2004,8,18,231,2004-08-18,13.49,27.56,23,2.58,2.1,18.44,29.11,0.42,15.96,15.38,62.44,7.23
-97.692811,30.301443,2004,8,18,231,2004-08-18,13.49,27.56,23,2.58,2.1,18.44,29.11,0.42,15.96,15.38,62.44,7.23
-97.744717,30.254914,2004,8,18,231,2004-08-18,13.49,27.56,23,2.58,2.1,18.44,29.11,0.42,15.96,15.38,62.44,7.23
-97.772695,30.43625,2004,8,18,231,2004-08-18,13.49,27.56,23,2.58,2.1,18.44,29.11,0.42,15.96,15.38,62.44,7.23
-97.816234,30.207408,2004,8,18,231,2004-08-18,14.34,27.09,23.19,2.7,2.1,19.3,28.58,0.42,15.96,12.88,65.75,7.23
-97.68945,30.334365,2004,8,18,231,2004-08-18,13.49,27.56,23,2.58,2.1,18.44,29.11,0.42,15.96,15.38,62.44,7.23
-97.720877,30.40557,2004,8,18,231,2004-08-18,13.49,27.56,23,2.58,2.1,18.44,29.11,0.42,15.96,15.38,62.44,7.23
-97.631129,30.401028,2004,8,18,231,2004-08-18,13.49,27.56,23,2.58,2.1,18.44,29.11,0.42,15.96,15.38,62.44,7.23
-97.746544,30.211412,2004,8,18,231,2004-08-18,14.59,27.23,23.51,2.4,2.1,19.79,28.55,0.42,15.96,13.95,67.62,7.23
-97.792542,30.475615,2004,8,18,231,2004-08-18,13.49,27.56,23,2.58,2.1,18.44,29.11,0.42,15.96,15.38,62.44,7.23
-97.709848,30.393097,2004,8,18,231,2004-08-18,13.49,27.56,23,2.58,2.1,18.44,29.11,0.42,15.96,15.38,62.44,7.23
-97.801918,30.447162,2004,8,18,231,2004-08-18,13.49,27.56,23,2.58,2.1,18.44,29.11,0.42,15.96,15.38,62.44,7.23
-97.780849,30.244673,2004,8,18,231,2004-08-18,14.59,27.23,23.51,2.4,2.1,19.79,28.55,0.42,15.96,13.95,67.62,7.23
-97.760003,30.433423,2004,8,18,231,2004-08-18,13.49,27.56,23,2.58,2.1,18.44,29.11,0.42,15.96,15.38,62.44,7.23
-97.709573,30.306845,2004,8,18,231,2004-08-18,13.49,27.56,23,2.58,2.1,18.44,29.11,0.42,15.96,15.38,62.44,7.23
-97.789811,30.266387,2004,8,18,231,2004-08-18,13.49,27.56,23,2.58,2.1,18.44,29.11,0.42,15.96,15.38,62.44,7.23
-97.647948,30.386557,2004,8,18,231,2004-08-18,13.49,27.56,23,2.58,2.1,18.44,29.11,0.42,15.96,15.38,62.44,7.23
-97.714829,30.386199,2004,8,18,231,2004-08-18,13.49,27.56,23,2.58,2.1,18.44,29.11,0.42,15.96,15.38,62.44,7.23
-97.768522,30.245489,2004,8,18,231,2004-08-18,14.59,27.23,23.51,2.4,2.1,19.79,28.55,0.42,15.96,13.95,67.62,7.23
-97.736782,30.319491,2004,8,18,231,2004-08-18,13.49,27.56,23,2.58,2.1,18.44,29.11,0.42,15.96,15.38,62.44,7.23
-97.745074,30.28192,2004,8,18,231,2004-08-18,13.49,27.56,23,2.58,2.1,18.44,29.11,0.42,15.96,15.38,62.44,7.23
-97.760627,30.272629,2004,8,18,231,2004-08-18,13.49,27.56,23,2.58,2.1,18.44,29.11,0.42,15.96,15.38,62.44,7.23
-97.680549,30.377337,2004,8,18,231,2004-08-18,13.49,27.56,23,2.58,2.1,18.44,29.11,0.42,15.96,15.38,62.44,7.23
-97.678055,30.408973,2004,8,18,231,2004-08-18,13.49,27.56,23,2.58,2.1,18.44,29.11,0.42,15.96,15.38,62.44,7.23
-97.709009,30.391281,2004,8,18,231,2004-08-18,13.49,27.56,23,2.58,2.1,18.44,29.11,0.42,15.96,15.38,62.44,7.23
-97.692623,30.33872,2004,8,18,231,2004-08-18,13.49,27.56,23,2.58,2.1,18.44,29.11,0.42,15.96,15.38,62.44,7.23
-97.762438,30.22145,2004,8,18,231,2004-08-18,14.59,27.23,23.51,2.4,2.1,19.79,28.55,0.42,15.96,13.95,67.62,7.23
-97.679808,30.335424,2004,8,18,231,2004-08-18,13.49,27.56,23,2.58,2.1,18.44,29.11,0.42,15.96,15.38,62.44,7.23
-97.756105,30.235825,2004,8,18,231,2004-08-18,14.59,27.23,23.51,2.4,2.1,19.79,28.55,0.42,15.96,13.95,67.62,7.23
-97.730468,30.330335,2004,8,18,231,2004-08-18,13.49,27.56,23,2.58,2.1,18.44,29.11,0.42,15.96,15.38,62.44,7.23
-97.65834,30.417721,2004,8,18,231,2004-08-18,13.49,27.56,23,2.58,2.1,18.44,29.11,0.42,15.96,15.38,62.44,7.23
-97.741493,30.271585,2004,8,18,231,2004-08-18,13.49,27.56,23,2.58,2.1,18.44,29.11,0.42,15.96,15.38,62.44,7.23
-97.743197,30.427989,2004,8,18,231,2004-08-18,13.49,27.56,23,2.58,2.1,18.44,29.11,0.42,15.96,15.38,62.44,7.23
-97.72749,30.368975,2004,8,18,231,2004-08-18,13.49,27.56,23,2.58,2.1,18.44,29.11,0.42,15.96,15.38,62.44,7.23
-97.698294,30.363664,2004,8,18,231,2004-08-18,13.49,27.56,23,2.58,2.1,18.44,29.11,0.42,15.96,15.38,62.44,7.23
-97.671117,30.330053,2004,8,18,231,2004-08-18,13.49,27.56,23,2.58,2.1,18.44,29.11,0.42,15.96,15.38,62.44,7.23
-97.865427,30.229596,2004,8,18,231,2004-08-18,14.34,27.09,23.19,2.7,2.1,19.3,28.58,0.42,15.96,12.88,65.75,7.23
-97.736695,30.356486,2004,8,18,231,2004-08-18,13.49,27.56,23,2.58,2.1,18.44,29.11,0.42,15.96,15.38,62.44,7.23
-97.668299,30.333939,2004,8,18,231,2004-08-18,13.49,27.56,23,2.58,2.1,18.44,29.11,0.42,15.96,15.38,62.44,7.23
-97.733671,30.380941,2004,8,18,231,2004-08-18,13.49,27.56,23,2.58,2.1,18.44,29.11,0.42,15.96,15.38,62.44,7.23
-97.71099,30.322251,2004,8,18,231,2004-08-18,13.49,27.56,23,2.58,2.1,18.44,29.11,0.42,15.96,15.38,62.44,7.23
-97.727293,30.369758,2004,8,18,231,2004-08-18,13.49,27.56,23,2.58,2.1,18.44,29.11,0.42,15.96,15.38,62.44,7.23
-97.729441,30.361458,2004,8,18,231,2004-08-18,13.49,27.56,23,2.58,2.1,18.44,29.11,0.42,15.96,15.38,62.44,7.23
-97.741498,30.304481,2004,8,18,231,2004-08-18,13.49,27.56,23,2.58,2.1,18.44,29.11,0.42,15.96,15.38,62.44,7.23
-97.698329,30.264654,2004,8,18,231,2004-08-18,13.49,27.56,23,2.58,2.1,18.44,29.11,0.42,15.96,15.38,62.44,7.23
-97.789729,30.230214,2004,8,18,231,2004-08-18,14.59,27.23,23.51,2.4,2.1,19.79,28.55,0.42,15.96,13.95,67.62,7.23
-97.773944,30.227308,2004,8,18,231,2004-08-18,14.59,27.23,23.51,2.4,2.1,19.79,28.55,0.42,15.96,13.95,67.62,7.23
-97.699357,30.214243,2004,8,18,231,2004-08-18,14.59,27.23,23.51,2.4,2.1,19.79,28.55,0.42,15.96,13.95,67.62,7.23
-97.735904,30.37476,2004,8,18,231,2004-08-18,13.49,27.56,23,2.58,2.1,18.44,29.11,0.42,15.96,15.38,62.44,7.23
-97.751746,30.267266,2004,8,18,231,2004-08-18,13.49,27.56,23,2.58,2.1,18.44,29.11,0.42,15.96,15.38,62.44,7.23
-97.753644,30.22651,2004,8,18,231,2004-08-18,14.59,27.23,23.51,2.4,2.1,19.79,28.55,0.42,15.96,13.95,67.62,7.23
-97.730763,30.380552,2004,8,18,231,2004-08-18,13.49,27.56,23,2.58,2.1,18.44,29.11,0.42,15.96,15.38,62.44,7.23
-97.740554,30.211879,2004,8,18,231,2004-08-18,14.59,27.23,23.51,2.4,2.1,19.79,28.55,0.42,15.96,13.95,67.62,7.23
-97.814602,30.208537,2004,8,18,231,2004-08-18,14.34,27.09,23.19,2.7,2.1,19.3,28.58,0.42,15.96,12.88,65.75,7.23
-97.743018,30.301881,2004,8,18,231,2004-08-18,13.49,27.56,23,2.58,2.1,18.44,29.11,0.42,15.96,15.38,62.44,7.23
-97.853124,30.185087,2004,8,18,231,2004-08-18,14.34,27.09,23.19,2.7,2.1,19.3,28.58,0.42,15.96,12.88,65.75,7.23
-97.708203,30.318954,2004,8,18,231,2004-08-18,13.49,27.56,23,2.58,2.1,18.44,29.11,0.42,15.96,15.38,62.44,7.23
-97.745055,30.189702,2004,8,18,231,2004-08-18,14.59,27.23,23.51,2.4,2.1,19.79,28.55,0.42,15.96,13.95,67.62,7.23
-97.744858,30.199287,2004,8,18,231,2004-08-18,14.59,27.23,23.51,2.4,2.1,19.79,28.55,0.42,15.96,13.95,67.62,7.23
-97.711276,30.285521,2004,8,18,231,2004-08-18,13.49,27.56,23,2.58,2.1,18.44,29.11,0.42,15.96,15.38,62.44,7.23
-97.725479,30.375651,2004,8,18,231,2004-08-18,13.49,27.56,23,2.58,2.1,18.44,29.11,0.42,15.96,15.38,62.44,7.23
-97.634915,30.280463,2004,8,18,231,2004-08-18,13.49,27.56,23,2.58,2.1,18.44,29.11,0.42,15.96,15.38,62.44,7.23
-97.753965,30.342269,2004,8,18,231,2004-08-18,13.49,27.56,23,2.58,2.1,18.44,29.11,0.42,15.96,15.38,62.44,7.23
-97.705982,30.270548,2004,8,18,231,2004-08-18,13.49,27.56,23,2.58,2.1,18.44,29.11,0.42,15.96,15.38,62.44,7.23
-97.716188,30.350943,2004,8,18,231,2004-08-18,13.49,27.56,23,2.58,2.1,18.44,29.11,0.42,15.96,15.38,62.44,7.23
-97.742965,30.211107,2004,8,18,231,2004-08-18,14.59,27.23,23.51,2.4,2.1,19.79,28.55,0.42,15.96,13.95,67.62,7.23
-97.747517,30.357197,2004,8,18,231,2004-08-18,13.49,27.56,23,2.58,2.1,18.44,29.11,0.42,15.96,15.38,62.44,7.23
-97.882963,30.192429,2004,8,18,231,2004-08-18,14.34,27.09,23.19,2.7,2.1,19.3,28.58,0.42,15.96,12.88,65.75,7.23
-97.712853,30.343151,2004,8,18,231,2004-08-18,13.49,27.56,23,2.58,2.1,18.44,29.11,0.42,15.96,15.38,62.44,7.23
-97.738161,30.210351,2004,8,18,231,2004-08-18,14.59,27.23,23.51,2.4,2.1,19.79,28.55,0.42,15.96,13.95,67.62,7.23
-97.744443,30.276215,2004,8,18,231,2004-08-18,13.49,27.56,23,2.58,2.1,18.44,29.11,0.42,15.96,15.38,62.44,7.23
-97.727936,30.210984,2004,8,18,231,2004-08-18,14.59,27.23,23.51,2.4,2.1,19.79,28.55,0.42,15.96,13.95,67.62,7.23
-97.738598,30.209672,2004,8,18,231,2004-08-18,14.59,27.23,23.51,2.4,2.1,19.79,28.55,0.42,15.96,13.95,67.62,7.23
-97.810066,30.255443,2004,8,18,231,2004-08-18,13.49,27.56,23,2.58,2.1,18.44,29.11,0.42,15.96,15.38,62.44,7.23
-97.742243,30.370394,2004,8,18,231,2004-08-18,13.49,27.56,23,2.58,2.1,18.44,29.11,0.42,15.96,15.38,62.44,7.23
-97.859542,30.237655,2004,8,18,231,2004-08-18,14.34,27.09,23.19,2.7,2.1,19.3,28.58,0.42,15.96,12.88,65.75,7.23
-97.838274,30.222006,2004,8,18,231,2004-08-18,14.34,27.09,23.19,2.7,2.1,19.3,28.58,0.42,15.96,12.88,65.75,7.23
-97.666994,30.414908,2004,8,18,231,2004-08-18,13.49,27.56,23,2.58,2.1,18.44,29.11,0.42,15.96,15.38,62.44,7.23
-97.756258,30.227797,2004,8,18,231,2004-08-18,14.59,27.23,23.51,2.4,2.1,19.79,28.55,0.42,15.96,13.95,67.62,7.23
-97.703442,30.408511,2004,8,18,231,2004-08-18,13.49,27.56,23,2.58,2.1,18.44,29.11,0.42,15.96,15.38,62.44,7.23
-97.741595,30.188923,2004,8,18,231,2004-08-18,14.59,27.23,23.51,2.4,2.1,19.79,28.55,0.42,15.96,13.95,67.62,7.23
-97.759157,30.37405,2004,8,18,231,2004-08-18,13.49,27.56,23,2.58,2.1,18.44,29.11,0.42,15.96,15.38,62.44,7.23
-97.71506,30.330378,2004,8,18,231,2004-08-18,13.49,27.56,23,2.58,2.1,18.44,29.11,0.42,15.96,15.38,62.44,7.23
-97.745732,30.268876,2004,8,18,231,2004-08-18,13.49,27.56,23,2.58,2.1,18.44,29.11,0.42,15.96,15.38,62.44,7.23
-97.774679,30.471661,2004,8,18,231,2004-08-18,13.49,27.56,23,2.58,2.1,18.44,29.11,0.42,15.96,15.38,62.44,7.23
-97.75321,30.34349,2004,8,18,231,2004-08-18,13.49,27.56,23,2.58,2.1,18.44,29.11,0.42,15.96,15.38,62.44,7.23
-97.774827,30.204825,2004,8,18,231,2004-08-18,14.59,27.23,23.51,2.4,2.1,19.79,28.55,0.42,15.96,13.95,67.62,7.23
-97.755713,30.354695,2004,8,18,231,2004-08-18,13.49,27.56,23,2.58,2.1,18.44,29.11,0.42,15.96,15.38,62.44,7.23
-97.676947,30.34103,2004,8,18,231,2004-08-18,13.49,27.56,23,2.58,2.1,18.44,29.11,0.42,15.96,15.38,62.44,7.23
-97.719499,30.336701,2004,8,18,231,2004-08-18,13.49,27.56,23,2.58,2.1,18.44,29.11,0.42,15.96,15.38,62.44,7.23
-97.637154,30.302552,2004,8,18,231,2004-08-18,13.49,27.56,23,2.58,2.1,18.44,29.11,0.42,15.96,15.38,62.44,7.23
-97.845137,30.190999,2004,8,18,231,2004-08-18,14.34,27.09,23.19,2.7,2.1,19.3,28.58,0.42,15.96,12.88,65.75,7.23
-97.685482,30.256052,2004,8,18,231,2004-08-18,13.49,27.56,23,2.58,2.1,18.44,29.11,0.42,15.96,15.38,62.44,7.23
-97.755525,30.221386,2004,8,18,231,2004-08-18,14.59,27.23,23.51,2.4,2.1,19.79,28.55,0.42,15.96,13.95,67.62,7.23
-97.742673,30.268422,2004,8,18,231,2004-08-18,13.49,27.56,23,2.58,2.1,18.44,29.11,0.42,15.96,15.38,62.44,7.23
-97.734593,30.267809,2004,8,18,231,2004-08-18,13.49,27.56,23,2.58,2.1,18.44,29.11,0.42,15.96,15.38,62.44,7.23
-97.760384,30.223834,2004,8,18,231,2004-08-18,14.59,27.23,23.51,2.4,2.1,19.79,28.55,0.42,15.96,13.95,67.62,7.23
-97.728249,30.322879,2004,8,18,231,2004-08-18,13.49,27.56,23,2.58,2.1,18.44,29.11,0.42,15.96,15.38,62.44,7.23
-97.732498,30.207149,2004,8,18,231,2004-08-18,14.59,27.23,23.51,2.4,2.1,19.79,28.55,0.42,15.96,13.95,67.62,7.23
-97.717451,30.326554,2004,8,18,231,2004-08-18,13.49,27.56,23,2.58,2.1,18.44,29.11,0.42,15.96,15.38,62.44,7.23
-97.740638,30.269911,2004,8,18,231,2004-08-18,13.49,27.56,23,2.58,2.1,18.44,29.11,0.42,15.96,15.38,62.44,7.23
-97.731031,30.377068,2004,8,18,231,2004-08-18,13.49,27.56,23,2.58,2.1,18.44,29.11,0.42,15.96,15.38,62.44,7.23
-97.74029,30.266323,2004,8,18,231,2004-08-18,13.49,27.56,23,2.58,2.1,18.44,29.11,0.42,15.96,15.38,62.44,7.23
-97.738527,30.209782,2004,8,18,231,2004-08-18,14.59,27.23,23.51,2.4,2.1,19.79,28.55,0.42,15.96,13.95,67.62,7.23
-97.732243,30.432211,2004,8,18,231,2004-08-18,13.49,27.56,23,2.58,2.1,18.44,29.11,0.42,15.96,15.38,62.44,7.23
-97.66945,30.373027,2004,8,18,231,2004-08-18,13.49,27.56,23,2.58,2.1,18.44,29.11,0.42,15.96,15.38,62.44,7.23
-97.869598,30.201201,2004,8,18,231,2004-08-18,14.34,27.09,23.19,2.7,2.1,19.3,28.58,0.42,15.96,12.88,65.75,7.23
-97.739623,30.187556,2004,8,18,231,2004-08-18,14.59,27.23,23.51,2.4,2.1,19.79,28.55,0.42,15.96,13.95,67.62,7.23
-97.718239,30.203348,2004,8,18,231,2004-08-18,14.59,27.23,23.51,2.4,2.1,19.79,28.55,0.42,15.96,13.95,67.62,7.23
-97.7299,30.382507,2004,8,18,231,2004-08-18,13.49,27.56,23,2.58,2.1,18.44,29.11,0.42,15.96,15.38,62.44,7.23
-97.753552,30.353534,2004,8,18,231,2004-08-18,13.49,27.56,23,2.58,2.1,18.44,29.11,0.42,15.96,15.38,62.44,7.23
-97.750769,30.308948,2004,8,18,231,2004-08-18,13.49,27.56,23,2.58,2.1,18.44,29.11,0.42,15.96,15.38,62.44,7.23
-97.759081,30.219967,2004,8,18,231,2004-08-18,14.59,27.23,23.51,2.4,2.1,19.79,28.55,0.42,15.96,13.95,67.62,7.23
-97.750292,30.352139,2004,8,18,231,2004-08-18,13.49,27.56,23,2.58,2.1,18.44,29.11,0.42,15.96,15.38,62.44,7.23
-97.689045,30.32023,2004,8,18,231,2004-08-18,13.49,27.56,23,2.58,2.1,18.44,29.11,0.42,15.96,15.38,62.44,7.23
-97.837907,30.200972,2004,8,18,231,2004-08-18,14.34,27.09,23.19,2.7,2.1,19.3,28.58,0.42,15.96,12.88,65.75,7.23
-97.666631,30.309438,2004,8,18,231,2004-08-18,13.49,27.56,23,2.58,2.1,18.44,29.11,0.42,15.96,15.38,62.44,7.23
-97.832132,30.213337,2004,8,18,231,2004-08-18,14.34,27.09,23.19,2.7,2.1,19.3,28.58,0.42,15.96,12.88,65.75,7.23
-97.749392,30.176213,2004,8,18,231,2004-08-18,14.59,27.23,23.51,2.4,2.1,19.79,28.55,0.42,15.96,13.95,67.62,7.23
-97.783652,30.294086,2004,8,18,231,2004-08-18,13.49,27.56,23,2.58,2.1,18.44,29.11,0.42,15.96,15.38,62.44,7.23
-97.628926,30.289726,2004,8,18,231,2004-08-18,13.49,27.56,23,2.58,2.1,18.44,29.11,0.42,15.96,15.38,62.44,7.23
-97.741191,30.380764,2004,8,18,231,2004-08-18,13.49,27.56,23,2.58,2.1,18.44,29.11,0.42,15.96,15.38,62.44,7.23
-97.796861,30.466781,2004,8,18,231,2004-08-18,13.49,27.56,23,2.58,2.1,18.44,29.11,0.42,15.96,15.38,62.44,7.23
-97.677541,30.259101,2004,8,18,231,2004-08-18,13.49,27.56,23,2.58,2.1,18.44,29.11,0.42,15.96,15.38,62.44,7.23
-97.693934,30.207146,2004,8,18,231,2004-08-18,14.59,27.23,23.51,2.4,2.1,19.79,28.55,0.42,15.96,13.95,67.62,7.23
-97.77681,30.185521,2004,8,18,231,2004-08-18,14.59,27.23,23.51,2.4,2.1,19.79,28.55,0.42,15.96,13.95,67.62,7.23
-97.744671,30.270199,2004,8,18,231,2004-08-18,13.49,27.56,23,2.58,2.1,18.44,29.11,0.42,15.96,15.38,62.44,7.23
-97.730899,30.382968,2004,8,18,231,2004-08-18,13.49,27.56,23,2.58,2.1,18.44,29.11,0.42,15.96,15.38,62.44,7.23
-97.760581,30.278077,2004,8,18,231,2004-08-18,13.49,27.56,23,2.58,2.1,18.44,29.11,0.42,15.96,15.38,62.44,7.23
-97.753782,30.342544,2004,8,18,231,2004-08-18,13.49,27.56,23,2.58,2.1,18.44,29.11,0.42,15.96,15.38,62.44,7.23
-97.75264,30.439875,2004,8,18,231,2004-08-18,13.49,27.56,23,2.58,2.1,18.44,29.11,0.42,15.96,15.38,62.44,7.23
-97.762408,30.216972,2004,8,18,231,2004-08-18,14.59,27.23,23.51,2.4,2.1,19.79,28.55,0.42,15.96,13.95,67.62,7.23
-97.737925,30.359579,2004,8,18,231,2004-08-18,13.49,27.56,23,2.58,2.1,18.44,29.11,0.42,15.96,15.38,62.44,7.23
-97.693762,30.187701,2004,8,18,231,2004-08-18,14.59,27.23,23.51,2.4,2.1,19.79,28.55,0.42,15.96,13.95,67.62,7.23
-97.729654,30.211807,2004,8,18,231,2004-08-18,14.59,27.23,23.51,2.4,2.1,19.79,28.55,0.42,15.96,13.95,67.62,7.23
-97.739855,30.360601,2004,8,18,231,2004-08-18,13.49,27.56,23,2.58,2.1,18.44,29.11,0.42,15.96,15.38,62.44,7.23
-97.717466,30.42654,2004,8,18,231,2004-08-18,13.49,27.56,23,2.58,2.1,18.44,29.11,0.42,15.96,15.38,62.44,7.23
-97.740924,30.269153,2004,8,18,231,2004-08-18,13.49,27.56,23,2.58,2.1,18.44,29.11,0.42,15.96,15.38,62.44,7.23
-97.727235,30.290334,2004,8,18,231,2004-08-18,13.49,27.56,23,2.58,2.1,18.44,29.11,0.42,15.96,15.38,62.44,7.23
-97.797697,30.354368,2004,8,18,231,2004-08-18,13.49,27.56,23,2.58,2.1,18.44,29.11,0.42,15.96,15.38,62.44,7.23
-97.745768,30.269912,2004,8,18,231,2004-08-18,13.49,27.56,23,2.58,2.1,18.44,29.11,0.42,15.96,15.38,62.44,7.23
-97.757322,30.428646,2004,8,18,231,2004-08-18,13.49,27.56,23,2.58,2.1,18.44,29.11,0.42,15.96,15.38,62.44,7.23
-97.792278,30.448244,2004,8,18,231,2004-08-18,13.49,27.56,23,2.58,2.1,18.44,29.11,0.42,15.96,15.38,62.44,7.23
-97.742535,30.268835,2004,8,18,231,2004-08-18,13.49,27.56,23,2.58,2.1,18.44,29.11,0.42,15.96,15.38,62.44,7.23
-97.761089,30.222837,2004,8,18,231,2004-08-18,14.59,27.23,23.51,2.4,2.1,19.79,28.55,0.42,15.96,13.95,67.62,7.23
-97.732809,30.213281,2004,8,18,231,2004-08-18,14.59,27.23,23.51,2.4,2.1,19.79,28.55,0.42,15.96,13.95,67.62,7.23
-97.788945,30.3685,2004,8,18,231,2004-08-18,13.49,27.56,23,2.58,2.1,18.44,29.11,0.42,15.96,15.38,62.44,7.23
-97.785477,30.194968,2004,8,18,231,2004-08-18,14.59,27.23,23.51,2.4,2.1,19.79,28.55,0.42,15.96,13.95,67.62,7.23
-97.737516,30.384267,2004,8,18,231,2004-08-18,13.49,27.56,23,2.58,2.1,18.44,29.11,0.42,15.96,15.38,62.44,7.23
-97.831561,30.226814,2004,8,18,231,2004-08-18,14.34,27.09,23.19,2.7,2.1,19.3,28.58,0.42,15.96,12.88,65.75,7.23
-97.753644,30.22651,2004,8,18,231,2004-08-18,14.59,27.23,23.51,2.4,2.1,19.79,28.55,0.42,15.96,13.95,67.62,7.23
-97.71645,30.338759,2004,8,18,231,2004-08-18,13.49,27.56,23,2.58,2.1,18.44,29.11,0.42,15.96,15.38,62.44,7.23
-97.75815,30.21953,2004,8,18,231,2004-08-18,14.59,27.23,23.51,2.4,2.1,19.79,28.55,0.42,15.96,13.95,67.62,7.23
-97.711794,30.252631,2004,8,18,231,2004-08-18,13.49,27.56,23,2.58,2.1,18.44,29.11,0.42,15.96,15.38,62.44,7.23
-97.674222,30.278942,2004,8,18,231,2004-08-18,13.49,27.56,23,2.58,2.1,18.44,29.11,0.42,15.96,15.38,62.44,7.23
-97.702798,30.4224,2004,8,18,231,2004-08-18,13.49,27.56,23,2.58,2.1,18.44,29.11,0.42,15.96,15.38,62.44,7.23
-97.759264,30.220054,2004,8,18,231,2004-08-18,14.59,27.23,23.51,2.4,2.1,19.79,28.55,0.42,15.96,13.95,67.62,7.23
-97.794519,30.35741,2004,8,18,231,2004-08-18,13.49,27.56,23,2.58,2.1,18.44,29.11,0.42,15.96,15.38,62.44,7.23
-97.664539,30.414521,2004,8,18,231,2004-08-18,13.49,27.56,23,2.58,2.1,18.44,29.11,0.42,15.96,15.38,62.44,7.23
-97.663513,30.187517,2004,8,18,231,2004-08-18,14.59,27.23,23.51,2.4,2.1,19.79,28.55,0.42,15.96,13.95,67.62,7.23
-97.738988,30.340031,2004,8,18,231,2004-08-18,13.49,27.56,23,2.58,2.1,18.44,29.11,0.42,15.96,15.38,62.44,7.23
-97.698533,30.288411,2004,8,18,231,2004-08-18,13.49,27.56,23,2.58,2.1,18.44,29.11,0.42,15.96,15.38,62.44,7.23
-97.738956,30.365558,2004,8,18,231,2004-08-18,13.49,27.56,23,2.58,2.1,18.44,29.11,0.42,15.96,15.38,62.44,7.23
-97.714197,30.292694,2004,8,18,231,2004-08-18,13.49,27.56,23,2.58,2.1,18.44,29.11,0.42,15.96,15.38,62.44,7.23
-97.736482,30.373781,2004,8,18,231,2004-08-18,13.49,27.56,23,2.58,2.1,18.44,29.11,0.42,15.96,15.38,62.44,7.23
-97.844774,30.396018,2004,8,18,231,2004-08-18,13.49,27.26,22.72,2.74,2.1,18.17,28.74,0.42,15.96,14.34,61.56,7.23
-97.737014,30.304511,2004,8,18,231,2004-08-18,13.49,27.56,23,2.58,2.1,18.44,29.11,0.42,15.96,15.38,62.44,7.23
-97.769148,30.227148,2004,8,18,231,2004-08-18,14.59,27.23,23.51,2.4,2.1,19.79,28.55,0.42,15.96,13.95,67.62,7.23
-97.737976,30.21064,2004,8,18,231,2004-08-18,14.59,27.23,23.51,2.4,2.1,19.79,28.55,0.42,15.96,13.95,67.62,7.23
-97.705011,30.272213,2004,8,18,231,2004-08-18,13.49,27.56,23,2.58,2.1,18.44,29.11,0.42,15.96,15.38,62.44,7.23
-97.727625,30.323878,2004,8,18,231,2004-08-18,13.49,27.56,23,2.58,2.1,18.44,29.11,0.42,15.96,15.38,62.44,7.23
-97.741883,30.26574,2004,8,18,231,2004-08-18,13.49,27.56,23,2.58,2.1,18.44,29.11,0.42,15.96,15.38,62.44,7.23
-97.805097,30.235038,2004,8,18,231,2004-08-18,14.59,27.23,23.51,2.4,2.1,19.79,28.55,0.42,15.96,13.95,67.62,7.23
-97.735659,30.267089,2004,8,18,231,2004-08-18,13.49,27.56,23,2.58,2.1,18.44,29.11,0.42,15.96,15.38,62.44,7.23
-97.680254,30.28472,2004,8,18,231,2004-08-18,13.49,27.56,23,2.58,2.1,18.44,29.11,0.42,15.96,15.38,62.44,7.23
-97.712013,30.215894,2004,8,18,231,2004-08-18,14.59,27.23,23.51,2.4,2.1,19.79,28.55,0.42,15.96,13.95,67.62,7.23
-97.861448,30.217891,2004,8,18,231,2004-08-18,14.34,27.09,23.19,2.7,2.1,19.3,28.58,0.42,15.96,12.88,65.75,7.23
-97.747355,30.360055,2004,8,18,231,2004-08-18,13.49,27.56,23,2.58,2.1,18.44,29.11,0.42,15.96,15.38,62.44,7.23
-97.780654,30.187635,2004,8,18,231,2004-08-18,14.59,27.23,23.51,2.4,2.1,19.79,28.55,0.42,15.96,13.95,67.62,7.23
-97.671954,30.293877,2004,8,18,231,2004-08-18,13.49,27.56,23,2.58,2.1,18.44,29.11,0.42,15.96,15.38,62.44,7.23
-97.71052,30.322948,2004,8,18,231,2004-08-18,13.49,27.56,23,2.58,2.1,18.44,29.11,0.42,15.96,15.38,62.44,7.23
-97.754752,30.269588,2004,8,18,231,2004-08-18,13.49,27.56,23,2.58,2.1,18.44,29.11,0.42,15.96,15.38,62.44,7.23
-97.707063,30.287673,2004,8,18,231,2004-08-18,13.49,27.56,23,2.58,2.1,18.44,29.11,0.42,15.96,15.38,62.44,7.23
-97.726768,30.291703,2004,8,18,231,2004-08-18,13.49,27.56,23,2.58,2.1,18.44,29.11,0.42,15.96,15.38,62.44,7.23
-97.740932,30.399847,2004,8,18,231,2004-08-18,13.49,27.56,23,2.58,2.1,18.44,29.11,0.42,15.96,15.38,62.44,7.23
-97.673025,30.300898,2004,8,18,231,2004-08-18,13.49,27.56,23,2.58,2.1,18.44,29.11,0.42,15.96,15.38,62.44,7.23
-97.709749,30.259532,2004,8,18,231,2004-08-18,13.49,27.56,23,2.58,2.1,18.44,29.11,0.42,15.96,15.38,62.44,7.23
-97.731786,30.381015,2004,8,18,231,2004-08-18,13.49,27.56,23,2.58,2.1,18.44,29.11,0.42,15.96,15.38,62.44,7.23
-97.744035,30.209409,2004,8,18,231,2004-08-18,14.59,27.23,23.51,2.4,2.1,19.79,28.55,0.42,15.96,13.95,67.62,7.23
-97.755763,30.370871,2004,8,18,231,2004-08-18,13.49,27.56,23,2.58,2.1,18.44,29.11,0.42,15.96,15.38,62.44,7.23
-97.708235,30.331098,2004,8,18,231,2004-08-18,13.49,27.56,23,2.58,2.1,18.44,29.11,0.42,15.96,15.38,62.44,7.23
-97.796899,30.216327,2004,8,18,231,2004-08-18,14.59,27.23,23.51,2.4,2.1,19.79,28.55,0.42,15.96,13.95,67.62,7.23
-97.710151,30.252087,2004,8,18,231,2004-08-18,13.49,27.56,23,2.58,2.1,18.44,29.11,0.42,15.96,15.38,62.44,7.23
-97.750227,30.363046,2004,8,18,231,2004-08-18,13.49,27.56,23,2.58,2.1,18.44,29.11,0.42,15.96,15.38,62.44,7.23
-97.700813,30.20625,2004,8,18,231,2004-08-18,14.59,27.23,23.51,2.4,2.1,19.79,28.55,0.42,15.96,13.95,67.62,7.23
-97.793731,30.166333,2004,8,18,231,2004-08-18,14.59,27.23,23.51,2.4,2.1,19.79,28.55,0.42,15.96,13.95,67.62,7.23
-97.734723,30.436313,2004,8,18,231,2004-08-18,13.49,27.56,23,2.58,2.1,18.44,29.11,0.42,15.96,15.38,62.44,7.23
-97.714832,30.314632,2004,8,18,231,2004-08-18,13.49,27.56,23,2.58,2.1,18.44,29.11,0.42,15.96,15.38,62.44,7.23
-97.732243,30.432211,2004,8,18,231,2004-08-18,13.49,27.56,23,2.58,2.1,18.44,29.11,0.42,15.96,15.38,62.44,7.23
-97.659308,30.336974,2004,8,18,231,2004-08-18,13.49,27.56,23,2.58,2.1,18.44,29.11,0.42,15.96,15.38,62.44,7.23
-97.718846,30.353261,2004,8,18,231,2004-08-18,13.49,27.56,23,2.58,2.1,18.44,29.11,0.42,15.96,15.38,62.44,7.23
-97.753782,30.342544,2004,8,18,231,2004-08-18,13.49,27.56,23,2.58,2.1,18.44,29.11,0.42,15.96,15.38,62.44,7.23
-97.703145,30.34246,2004,8,18,231,2004-08-18,13.49,27.56,23,2.58,2.1,18.44,29.11,0.42,15.96,15.38,62.44,7.23
-97.73062,30.31079,2004,8,18,231,2004-08-18,13.49,27.56,23,2.58,2.1,18.44,29.11,0.42,15.96,15.38,62.44,7.23
-97.706498,30.333921,2004,8,18,231,2004-08-18,13.49,27.56,23,2.58,2.1,18.44,29.11,0.42,15.96,15.38,62.44,7.23
-97.80337,30.355243,2004,8,18,231,2004-08-18,13.49,27.56,23,2.58,2.1,18.44,29.11,0.42,15.96,15.38,62.44,7.23
-97.720392,30.214931,2004,8,18,231,2004-08-18,14.59,27.23,23.51,2.4,2.1,19.79,28.55,0.42,15.96,13.95,67.62,7.23
-97.655305,30.323825,2004,8,18,231,2004-08-18,13.49,27.56,23,2.58,2.1,18.44,29.11,0.42,15.96,15.38,62.44,7.23
-97.666061,30.414761,2004,8,18,231,2004-08-18,13.49,27.56,23,2.58,2.1,18.44,29.11,0.42,15.96,15.38,62.44,7.23
-97.720228,30.369549,2004,8,18,231,2004-08-18,13.49,27.56,23,2.58,2.1,18.44,29.11,0.42,15.96,15.38,62.44,7.23
-97.720324,30.335505,2004,8,18,231,2004-08-18,13.49,27.56,23,2.58,2.1,18.44,29.11,0.42,15.96,15.38,62.44,7.23
-97.723009,30.383093,2004,8,18,231,2004-08-18,13.49,27.56,23,2.58,2.1,18.44,29.11,0.42,15.96,15.38,62.44,7.23
-97.766118,30.274085,2004,8,18,231,2004-08-18,13.49,27.56,23,2.58,2.1,18.44,29.11,0.42,15.96,15.38,62.44,7.23
-97.783772,30.295571,2004,8,18,231,2004-08-18,13.49,27.56,23,2.58,2.1,18.44,29.11,0.42,15.96,15.38,62.44,7.23
-97.72594,30.210027,2004,8,18,231,2004-08-18,14.59,27.23,23.51,2.4,2.1,19.79,28.55,0.42,15.96,13.95,67.62,7.23
-97.861888,30.234921,2004,8,18,231,2004-08-18,14.34,27.09,23.19,2.7,2.1,19.3,28.58,0.42,15.96,12.88,65.75,7.23
-97.729562,30.372963,2004,8,18,231,2004-08-18,13.49,27.56,23,2.58,2.1,18.44,29.11,0.42,15.96,15.38,62.44,7.23
-97.763033,30.215969,2004,8,18,231,2004-08-18,14.59,27.23,23.51,2.4,2.1,19.79,28.55,0.42,15.96,13.95,67.62,7.23
-97.706429,30.349062,2004,8,18,231,2004-08-18,13.49,27.56,23,2.58,2.1,18.44,29.11,0.42,15.96,15.38,62.44,7.23
-97.713298,30.314424,2004,8,18,231,2004-08-18,13.49,27.56,23,2.58,2.1,18.44,29.11,0.42,15.96,15.38,62.44,7.23
-97.753362,30.269369,2004,8,18,231,2004-08-18,13.49,27.56,23,2.58,2.1,18.44,29.11,0.42,15.96,15.38,62.44,7.23
-97.787489,30.369968,2004,8,18,231,2004-08-18,13.49,27.56,23,2.58,2.1,18.44,29.11,0.42,15.96,15.38,62.44,7.23
-97.743063,30.267349,2004,8,18,231,2004-08-18,13.49,27.56,23,2.58,2.1,18.44,29.11,0.42,15.96,15.38,62.44,7.23
-97.728342,30.21465,2004,8,18,231,2004-08-18,14.59,27.23,23.51,2.4,2.1,19.79,28.55,0.42,15.96,13.95,67.62,7.23
-97.745087,30.428085,2004,8,18,231,2004-08-18,13.49,27.56,23,2.58,2.1,18.44,29.11,0.42,15.96,15.38,62.44,7.23
-97.711878,30.206154,2004,8,18,231,2004-08-18,14.59,27.23,23.51,2.4,2.1,19.79,28.55,0.42,15.96,13.95,67.62,7.23
-97.731996,30.434367,2004,8,18,231,2004-08-18,13.49,27.56,23,2.58,2.1,18.44,29.11,0.42,15.96,15.38,62.44,7.23
-97.654993,30.323646,2004,8,18,231,2004-08-18,13.49,27.56,23,2.58,2.1,18.44,29.11,0.42,15.96,15.38,62.44,7.23
-97.857113,30.234957,2004,8,18,231,2004-08-18,14.34,27.09,23.19,2.7,2.1,19.3,28.58,0.42,15.96,12.88,65.75,7.23
-97.833316,30.239816,2004,8,18,231,2004-08-18,14.34,27.09,23.19,2.7,2.1,19.3,28.58,0.42,15.96,12.88,65.75,7.23
-97.743021,30.267459,2004,8,18,231,2004-08-18,13.49,27.56,23,2.58,2.1,18.44,29.11,0.42,15.96,15.38,62.44,7.23
-97.747138,30.407713,2004,8,18,231,2004-08-18,13.49,27.56,23,2.58,2.1,18.44,29.11,0.42,15.96,15.38,62.44,7.23
-97.773329,30.191543,2004,8,18,231,2004-08-18,14.59,27.23,23.51,2.4,2.1,19.79,28.55,0.42,15.96,13.95,67.62,7.23
-97.711222,30.343559,2004,8,18,231,2004-08-18,13.49,27.56,23,2.58,2.1,18.44,29.11,0.42,15.96,15.38,62.44,7.23
-97.714776,30.322582,2004,8,18,231,2004-08-18,13.49,27.56,23,2.58,2.1,18.44,29.11,0.42,15.96,15.38,62.44,7.23
-97.831749,30.214355,2004,8,18,231,2004-08-18,14.34,27.09,23.19,2.7,2.1,19.3,28.58,0.42,15.96,12.88,65.75,7.23
-97.74194,30.417437,2004,8,18,231,2004-08-18,13.49,27.56,23,2.58,2.1,18.44,29.11,0.42,15.96,15.38,62.44,7.23
-97.695927,30.320656,2004,8,18,231,2004-08-18,13.49,27.56,23,2.58,2.1,18.44,29.11,0.42,15.96,15.38,62.44,7.23
-97.732243,30.432211,2004,8,18,231,2004-08-18,13.49,27.56,23,2.58,2.1,18.44,29.11,0.42,15.96,15.38,62.44,7.23
-97.738611,30.359819,2004,8,18,231,2004-08-18,13.49,27.56,23,2.58,2.1,18.44,29.11,0.42,15.96,15.38,62.44,7.23
-97.755318,30.336324,2004,8,18,231,2004-08-18,13.49,27.56,23,2.58,2.1,18.44,29.11,0.42,15.96,15.38,62.44,7.23
-97.792954,30.235825,2004,8,18,231,2004-08-18,14.59,27.23,23.51,2.4,2.1,19.79,28.55,0.42,15.96,13.95,67.62,7.23
-97.800898,30.230191,2004,8,18,231,2004-08-18,14.59,27.23,23.51,2.4,2.1,19.79,28.55,0.42,15.96,13.95,67.62,7.23
-97.715002,30.315752,2004,8,18,231,2004-08-18,13.49,27.56,23,2.58,2.1,18.44,29.11,0.42,15.96,15.38,62.44,7.23
-97.715691,30.33003,2004,8,18,231,2004-08-18,13.49,27.56,23,2.58,2.1,18.44,29.11,0.42,15.96,15.38,62.44,7.23
-97.705497,30.32646,2004,8,18,231,2004-08-18,13.49,27.56,23,2.58,2.1,18.44,29.11,0.42,15.96,15.38,62.44,7.23
-97.852761,30.153196,2004,8,18,231,2004-08-18,14.34,27.09,23.19,2.7,2.1,19.3,28.58,0.42,15.96,12.88,65.75,7.23
-97.673033,30.33596,2004,8,18,231,2004-08-18,13.49,27.56,23,2.58,2.1,18.44,29.11,0.42,15.96,15.38,62.44,7.23
-97.707094,30.199433,2004,8,18,231,2004-08-18,14.59,27.23,23.51,2.4,2.1,19.79,28.55,0.42,15.96,13.95,67.62,7.23
-97.759292,30.258434,2004,8,18,231,2004-08-18,13.49,27.56,23,2.58,2.1,18.44,29.11,0.42,15.96,15.38,62.44,7.23
-97.753924,30.342331,2004,8,18,231,2004-08-18,13.49,27.56,23,2.58,2.1,18.44,29.11,0.42,15.96,15.38,62.44,7.23
-97.702832,30.253751,2004,8,18,231,2004-08-18,13.49,27.56,23,2.58,2.1,18.44,29.11,0.42,15.96,15.38,62.44,7.23
-97.755751,30.353257,2004,8,18,231,2004-08-18,13.49,27.56,23,2.58,2.1,18.44,29.11,0.42,15.96,15.38,62.44,7.23
-97.801317,30.354163,2004,8,18,231,2004-08-18,13.49,27.56,23,2.58,2.1,18.44,29.11,0.42,15.96,15.38,62.44,7.23
-97.722138,30.332601,2004,8,18,231,2004-08-18,13.49,27.56,23,2.58,2.1,18.44,29.11,0.42,15.96,15.38,62.44,7.23
-97.689336,30.216256,2004,8,18,231,2004-08-18,14.59,27.23,23.51,2.4,2.1,19.79,28.55,0.42,15.96,13.95,67.62,7.23
-97.705774,30.196497,2004,8,18,231,2004-08-18,14.59,27.23,23.51,2.4,2.1,19.79,28.55,0.42,15.96,13.95,67.62,7.23
-97.768767,30.227702,2004,8,18,231,2004-08-18,14.59,27.23,23.51,2.4,2.1,19.79,28.55,0.42,15.96,13.95,67.62,7.23
-97.739444,30.337245,2004,8,18,231,2004-08-18,13.49,27.56,23,2.58,2.1,18.44,29.11,0.42,15.96,15.38,62.44,7.23
-97.836337,30.230256,2004,8,18,231,2004-08-18,14.34,27.09,23.19,2.7,2.1,19.3,28.58,0.42,15.96,12.88,65.75,7.23
-97.742301,30.31251,2004,8,18,231,2004-08-18,13.49,27.56,23,2.58,2.1,18.44,29.11,0.42,15.96,15.38,62.44,7.23
-97.756258,30.227797,2004,8,18,231,2004-08-18,14.59,27.23,23.51,2.4,2.1,19.79,28.55,0.42,15.96,13.95,67.62,7.23
-97.756258,30.227797,2004,8,18,231,2004-08-18,14.59,27.23,23.51,2.4,2.1,19.79,28.55,0.42,15.96,13.95,67.62,7.23
-97.692873,30.255795,2004,8,18,231,2004-08-18,13.49,27.56,23,2.58,2.1,18.44,29.11,0.42,15.96,15.38,62.44,7.23
-97.69999,30.273232,2004,8,18,231,2004-08-18,13.49,27.56,23,2.58,2.1,18.44,29.11,0.42,15.96,15.38,62.44,7.23
-97.63132,30.293432,2004,8,18,231,2004-08-18,13.49,27.56,23,2.58,2.1,18.44,29.11,0.42,15.96,15.38,62.44,7.23
-97.699647,30.254678,2004,8,18,231,2004-08-18,13.49,27.56,23,2.58,2.1,18.44,29.11,0.42,15.96,15.38,62.44,7.23
-97.671283,30.429682,2004,8,18,231,2004-08-18,13.49,27.56,23,2.58,2.1,18.44,29.11,0.42,15.96,15.38,62.44,7.23
-97.674222,30.278942,2004,8,18,231,2004-08-18,13.49,27.56,23,2.58,2.1,18.44,29.11,0.42,15.96,15.38,62.44,7.23
-97.754186,30.259803,2004,8,18,231,2004-08-18,13.49,27.56,23,2.58,2.1,18.44,29.11,0.42,15.96,15.38,62.44,7.23
-97.729859,30.378893,2004,8,18,231,2004-08-18,13.49,27.56,23,2.58,2.1,18.44,29.11,0.42,15.96,15.38,62.44,7.23
-97.757282,30.221967,2004,8,18,231,2004-08-18,14.59,27.23,23.51,2.4,2.1,19.79,28.55,0.42,15.96,13.95,67.62,7.23
-97.745732,30.268876,2004,8,18,231,2004-08-18,13.49,27.56,23,2.58,2.1,18.44,29.11,0.42,15.96,15.38,62.44,7.23
-97.748909,30.353306,2004,8,18,231,2004-08-18,13.49,27.56,23,2.58,2.1,18.44,29.11,0.42,15.96,15.38,62.44,7.23
-97.738291,30.366187,2004,8,18,231,2004-08-18,13.49,27.56,23,2.58,2.1,18.44,29.11,0.42,15.96,15.38,62.44,7.23
-97.793958,30.23567,2004,8,18,231,2004-08-18,14.59,27.23,23.51,2.4,2.1,19.79,28.55,0.42,15.96,13.95,67.62,7.23
-97.746157,30.266169,2004,8,18,231,2004-08-18,13.49,27.56,23,2.58,2.1,18.44,29.11,0.42,15.96,15.38,62.44,7.23
-97.731092,30.211488,2004,8,18,231,2004-08-18,14.59,27.23,23.51,2.4,2.1,19.79,28.55,0.42,15.96,13.95,67.62,7.23
-97.710241,30.282664,2004,8,18,231,2004-08-18,13.49,27.56,23,2.58,2.1,18.44,29.11,0.42,15.96,15.38,62.44,7.23
-97.766207,30.219302,2004,8,18,231,2004-08-18,14.59,27.23,23.51,2.4,2.1,19.79,28.55,0.42,15.96,13.95,67.62,7.23
-97.762234,30.217303,2004,8,18,231,2004-08-18,14.59,27.23,23.51,2.4,2.1,19.79,28.55,0.42,15.96,13.95,67.62,7.23
-97.876157,30.232744,2004,8,18,231,2004-08-18,14.34,27.09,23.19,2.7,2.1,19.3,28.58,0.42,15.96,12.88,65.75,7.23
-97.743079,30.267306,2004,8,18,231,2004-08-18,13.49,27.56,23,2.58,2.1,18.44,29.11,0.42,15.96,15.38,62.44,7.23
-97.854027,30.236348,2004,8,18,231,2004-08-18,14.34,27.09,23.19,2.7,2.1,19.3,28.58,0.42,15.96,12.88,65.75,7.23
-97.861407,30.235096,2004,8,18,231,2004-08-18,14.34,27.09,23.19,2.7,2.1,19.3,28.58,0.42,15.96,12.88,65.75,7.23
-97.862315,30.234736,2004,8,18,231,2004-08-18,14.34,27.09,23.19,2.7,2.1,19.3,28.58,0.42,15.96,12.88,65.75,7.23
-97.767818,30.216784,2004,8,18,231,2004-08-18,14.59,27.23,23.51,2.4,2.1,19.79,28.55,0.42,15.96,13.95,67.62,7.23
-97.719961,30.210872,2004,8,18,231,2004-08-18,14.59,27.23,23.51,2.4,2.1,19.79,28.55,0.42,15.96,13.95,67.62,7.23
-97.755602,30.218039,2004,8,18,231,2004-08-18,14.59,27.23,23.51,2.4,2.1,19.79,28.55,0.42,15.96,13.95,67.62,7.23
-97.798078,30.356795,2004,8,18,231,2004-08-18,13.49,27.56,23,2.58,2.1,18.44,29.11,0.42,15.96,15.38,62.44,7.23
-97.737736,30.370026,2004,8,18,231,2004-08-18,13.49,27.56,23,2.58,2.1,18.44,29.11,0.42,15.96,15.38,62.44,7.23
-97.711908,30.25267,2004,8,18,231,2004-08-18,13.49,27.56,23,2.58,2.1,18.44,29.11,0.42,15.96,15.38,62.44,7.23
-97.742968,30.383834,2004,8,18,231,2004-08-18,13.49,27.56,23,2.58,2.1,18.44,29.11,0.42,15.96,15.38,62.44,7.23
-97.741879,30.400229,2004,8,18,231,2004-08-18,13.49,27.56,23,2.58,2.1,18.44,29.11,0.42,15.96,15.38,62.44,7.23
-97.733667,30.21403,2004,8,18,231,2004-08-18,14.59,27.23,23.51,2.4,2.1,19.79,28.55,0.42,15.96,13.95,67.62,7.23
-97.714854,30.32268,2004,8,18,231,2004-08-18,13.49,27.56,23,2.58,2.1,18.44,29.11,0.42,15.96,15.38,62.44,7.23
-97.74946,30.364282,2004,8,18,231,2004-08-18,13.49,27.56,23,2.58,2.1,18.44,29.11,0.42,15.96,15.38,62.44,7.23
-97.774671,30.224345,2004,8,18,231,2004-08-18,14.59,27.23,23.51,2.4,2.1,19.79,28.55,0.42,15.96,13.95,67.62,7.23
-97.723122,30.331045,2004,8,18,231,2004-08-18,13.49,27.56,23,2.58,2.1,18.44,29.11,0.42,15.96,15.38,62.44,7.23
-97.723282,30.371382,2004,8,18,231,2004-08-18,13.49,27.56,23,2.58,2.1,18.44,29.11,0.42,15.96,15.38,62.44,7.23
-97.738364,30.210036,2004,8,18,231,2004-08-18,14.59,27.23,23.51,2.4,2.1,19.79,28.55,0.42,15.96,13.95,67.62,7.23
-97.836546,30.221231,2004,8,18,231,2004-08-18,14.34,27.09,23.19,2.7,2.1,19.3,28.58,0.42,15.96,12.88,65.75,7.23
-97.74361,30.265843,2004,8,18,231,2004-08-18,13.49,27.56,23,2.58,2.1,18.44,29.11,0.42,15.96,15.38,62.44,7.23
-97.737578,30.272955,2004,8,18,231,2004-08-18,13.49,27.56,23,2.58,2.1,18.44,29.11,0.42,15.96,15.38,62.44,7.23
-97.742895,30.305448,2004,8,18,231,2004-08-18,13.49,27.56,23,2.58,2.1,18.44,29.11,0.42,15.96,15.38,62.44,7.23
-97.674273,30.329287,2004,8,18,231,2004-08-18,13.49,27.56,23,2.58,2.1,18.44,29.11,0.42,15.96,15.38,62.44,7.23
-97.749438,30.273328,2004,8,18,231,2004-08-18,13.49,27.56,23,2.58,2.1,18.44,29.11,0.42,15.96,15.38,62.44,7.23
-97.761691,30.357422,2004,8,18,231,2004-08-18,13.49,27.56,23,2.58,2.1,18.44,29.11,0.42,15.96,15.38,62.44,7.23
-97.747564,30.269391,2004,8,18,231,2004-08-18,13.49,27.56,23,2.58,2.1,18.44,29.11,0.42,15.96,15.38,62.44,7.23
-97.728047,30.209758,2004,8,18,231,2004-08-18,14.59,27.23,23.51,2.4,2.1,19.79,28.55,0.42,15.96,13.95,67.62,7.23
-97.789223,30.266195,2004,8,18,231,2004-08-18,13.49,27.56,23,2.58,2.1,18.44,29.11,0.42,15.96,15.38,62.44,7.23
-97.681248,30.288042,2004,8,18,231,2004-08-18,13.49,27.56,23,2.58,2.1,18.44,29.11,0.42,15.96,15.38,62.44,7.23
-97.71303,30.318347,2004,8,18,231,2004-08-18,13.49,27.56,23,2.58,2.1,18.44,29.11,0.42,15.96,15.38,62.44,7.23
-97.747231,30.256182,2004,8,18,231,2004-08-18,13.49,27.56,23,2.58,2.1,18.44,29.11,0.42,15.96,15.38,62.44,7.23
-97.701934,30.253437,2004,8,18,231,2004-08-18,13.49,27.56,23,2.58,2.1,18.44,29.11,0.42,15.96,15.38,62.44,7.23
-97.682912,30.285459,2004,8,18,231,2004-08-18,13.49,27.56,23,2.58,2.1,18.44,29.11,0.42,15.96,15.38,62.44,7.23
-97.743764,30.265446,2004,8,18,231,2004-08-18,13.49,27.56,23,2.58,2.1,18.44,29.11,0.42,15.96,15.38,62.44,7.23
-97.670907,30.277119,2004,8,18,231,2004-08-18,13.49,27.56,23,2.58,2.1,18.44,29.11,0.42,15.96,15.38,62.44,7.23
-97.728705,30.381935,2004,8,18,231,2004-08-18,13.49,27.56,23,2.58,2.1,18.44,29.11,0.42,15.96,15.38,62.44,7.23
-97.726691,30.354098,2004,8,18,231,2004-08-18,13.49,27.56,23,2.58,2.1,18.44,29.11,0.42,15.96,15.38,62.44,7.23
-97.838958,30.222239,2004,8,18,231,2004-08-18,14.34,27.09,23.19,2.7,2.1,19.3,28.58,0.42,15.96,12.88,65.75,7.23
-97.76543,30.220527,2004,8,18,231,2004-08-18,14.59,27.23,23.51,2.4,2.1,19.79,28.55,0.42,15.96,13.95,67.62,7.23
-97.718566,30.29784,2004,8,18,231,2004-08-18,13.49,27.56,23,2.58,2.1,18.44,29.11,0.42,15.96,15.38,62.44,7.23
-97.790696,30.357059,2004,8,18,231,2004-08-18,13.49,27.56,23,2.58,2.1,18.44,29.11,0.42,15.96,15.38,62.44,7.23
-97.713345,30.197384,2004,8,18,231,2004-08-18,14.59,27.23,23.51,2.4,2.1,19.79,28.55,0.42,15.96,13.95,67.62,7.23
-97.797288,30.170456,2004,8,18,231,2004-08-18,14.59,27.23,23.51,2.4,2.1,19.79,28.55,0.42,15.96,13.95,67.62,7.23
-97.756258,30.227797,2004,8,18,231,2004-08-18,14.59,27.23,23.51,2.4,2.1,19.79,28.55,0.42,15.96,13.95,67.62,7.23
-97.691216,30.211581,2004,8,18,231,2004-08-18,14.59,27.23,23.51,2.4,2.1,19.79,28.55,0.42,15.96,13.95,67.62,7.23
-97.691727,30.251079,2004,8,18,231,2004-08-18,13.49,27.56,23,2.58,2.1,18.44,29.11,0.42,15.96,15.38,62.44,7.23
-97.715115,30.317609,2004,8,18,231,2004-08-18,13.49,27.56,23,2.58,2.1,18.44,29.11,0.42,15.96,15.38,62.44,7.23
-97.767409,30.190005,2004,8,18,231,2004-08-18,14.59,27.23,23.51,2.4,2.1,19.79,28.55,0.42,15.96,13.95,67.62,7.23
-97.706954,30.288152,2004,8,18,231,2004-08-18,13.49,27.56,23,2.58,2.1,18.44,29.11,0.42,15.96,15.38,62.44,7.23
-97.736052,30.347742,2004,8,18,231,2004-08-18,13.49,27.56,23,2.58,2.1,18.44,29.11,0.42,15.96,15.38,62.44,7.23
-97.702832,30.253751,2004,8,18,231,2004-08-18,13.49,27.56,23,2.58,2.1,18.44,29.11,0.42,15.96,15.38,62.44,7.23
-97.730229,30.380847,2004,8,18,231,2004-08-18,13.49,27.56,23,2.58,2.1,18.44,29.11,0.42,15.96,15.38,62.44,7.23
-97.743356,30.210489,2004,8,18,231,2004-08-18,14.59,27.23,23.51,2.4,2.1,19.79,28.55,0.42,15.96,13.95,67.62,7.23
-97.739751,30.310352,2004,8,18,231,2004-08-18,13.49,27.56,23,2.58,2.1,18.44,29.11,0.42,15.96,15.38,62.44,7.23
-97.81441,30.174956,2004,8,18,231,2004-08-18,14.34,27.09,23.19,2.7,2.1,19.3,28.58,0.42,15.96,12.88,65.75,7.23
-97.699657,30.206458,2004,8,18,231,2004-08-18,14.59,27.23,23.51,2.4,2.1,19.79,28.55,0.42,15.96,13.95,67.62,7.23
-97.762495,30.216832,2004,8,18,231,2004-08-18,14.59,27.23,23.51,2.4,2.1,19.79,28.55,0.42,15.96,13.95,67.62,7.23
-97.700472,30.206312,2004,8,18,231,2004-08-18,14.59,27.23,23.51,2.4,2.1,19.79,28.55,0.42,15.96,13.95,67.62,7.23
-97.75795,30.372015,2004,8,18,231,2004-08-18,13.49,27.56,23,2.58,2.1,18.44,29.11,0.42,15.96,15.38,62.44,7.23
-97.848044,30.390778,2004,8,18,231,2004-08-18,13.49,27.26,22.72,2.74,2.1,18.17,28.74,0.42,15.96,14.34,61.56,7.23
-97.756807,30.218873,2004,8,18,231,2004-08-18,14.59,27.23,23.51,2.4,2.1,19.79,28.55,0.42,15.96,13.95,67.62,7.23
-97.729713,30.306611,2004,8,18,231,2004-08-18,13.49,27.56,23,2.58,2.1,18.44,29.11,0.42,15.96,15.38,62.44,7.23
-97.775568,30.480725,2004,8,18,231,2004-08-18,13.49,27.56,23,2.58,2.1,18.44,29.11,0.42,15.96,15.38,62.44,7.23
-97.773757,30.205702,2004,8,18,231,2004-08-18,14.59,27.23,23.51,2.4,2.1,19.79,28.55,0.42,15.96,13.95,67.62,7.23
-97.840909,30.20397,2004,8,18,231,2004-08-18,14.34,27.09,23.19,2.7,2.1,19.3,28.58,0.42,15.96,12.88,65.75,7.23
-97.700501,30.273146,2004,8,18,231,2004-08-18,13.49,27.56,23,2.58,2.1,18.44,29.11,0.42,15.96,15.38,62.44,7.23
-97.870814,30.252434,2004,8,18,231,2004-08-18,13.49,27.26,22.72,2.74,2.1,18.17,28.74,0.42,15.96,14.34,61.56,7.23
-97.757575,30.370859,2004,8,18,231,2004-08-18,13.49,27.56,23,2.58,2.1,18.44,29.11,0.42,15.96,15.38,62.44,7.23
-97.746265,30.213659,2004,8,18,231,2004-08-18,14.59,27.23,23.51,2.4,2.1,19.79,28.55,0.42,15.96,13.95,67.62,7.23
-97.777973,30.195104,2004,8,18,231,2004-08-18,14.59,27.23,23.51,2.4,2.1,19.79,28.55,0.42,15.96,13.95,67.62,7.23
-97.722389,30.455151,2004,8,18,231,2004-08-18,13.49,27.56,23,2.58,2.1,18.44,29.11,0.42,15.96,15.38,62.44,7.23
-97.755621,30.198004,2004,8,18,231,2004-08-18,14.59,27.23,23.51,2.4,2.1,19.79,28.55,0.42,15.96,13.95,67.62,7.23
-97.747187,30.213826,2004,8,18,231,2004-08-18,14.59,27.23,23.51,2.4,2.1,19.79,28.55,0.42,15.96,13.95,67.62,7.23
-97.750495,30.278153,2004,8,18,231,2004-08-18,13.49,27.56,23,2.58,2.1,18.44,29.11,0.42,15.96,15.38,62.44,7.23
-97.74224,30.223676,2004,8,18,231,2004-08-18,14.59,27.23,23.51,2.4,2.1,19.79,28.55,0.42,15.96,13.95,67.62,7.23
-97.834834,30.211498,2004,8,18,231,2004-08-18,14.34,27.09,23.19,2.7,2.1,19.3,28.58,0.42,15.96,12.88,65.75,7.23
-97.747029,30.358888,2004,8,18,231,2004-08-18,13.49,27.56,23,2.58,2.1,18.44,29.11,0.42,15.96,15.38,62.44,7.23
-97.698755,30.333634,2004,8,18,231,2004-08-18,13.49,27.56,23,2.58,2.1,18.44,29.11,0.42,15.96,15.38,62.44,7.23
-97.793958,30.23567,2004,8,18,231,2004-08-18,14.59,27.23,23.51,2.4,2.1,19.79,28.55,0.42,15.96,13.95,67.62,7.23
-97.86248,30.252266,2004,8,18,231,2004-08-18,13.49,27.26,22.72,2.74,2.1,18.17,28.74,0.42,15.96,14.34,61.56,7.23
-97.713288,30.317816,2004,8,18,231,2004-08-18,13.49,27.56,23,2.58,2.1,18.44,29.11,0.42,15.96,15.38,62.44,7.23
-97.67536,30.40347,2004,8,18,231,2004-08-18,13.49,27.56,23,2.58,2.1,18.44,29.11,0.42,15.96,15.38,62.44,7.23
-97.751112,30.350581,2004,8,18,231,2004-08-18,13.49,27.56,23,2.58,2.1,18.44,29.11,0.42,15.96,15.38,62.44,7.23
-97.761092,30.272208,2004,8,18,231,2004-08-18,13.49,27.56,23,2.58,2.1,18.44,29.11,0.42,15.96,15.38,62.44,7.23
-97.801304,30.275049,2004,8,18,231,2004-08-18,13.49,27.56,23,2.58,2.1,18.44,29.11,0.42,15.96,15.38,62.44,7.23
-97.746644,30.257776,2004,8,18,231,2004-08-18,13.49,27.56,23,2.58,2.1,18.44,29.11,0.42,15.96,15.38,62.44,7.23
-97.674094,30.301073,2004,8,18,231,2004-08-18,13.49,27.56,23,2.58,2.1,18.44,29.11,0.42,15.96,15.38,62.44,7.23
-97.716083,30.32664,2004,8,18,231,2004-08-18,13.49,27.56,23,2.58,2.1,18.44,29.11,0.42,15.96,15.38,62.44,7.23
-97.731021,30.271984,2004,8,18,231,2004-08-18,13.49,27.56,23,2.58,2.1,18.44,29.11,0.42,15.96,15.38,62.44,7.23
-97.754533,30.339811,2004,8,18,231,2004-08-18,13.49,27.56,23,2.58,2.1,18.44,29.11,0.42,15.96,15.38,62.44,7.23
-97.699368,30.288679,2004,8,18,231,2004-08-18,13.49,27.56,23,2.58,2.1,18.44,29.11,0.42,15.96,15.38,62.44,7.23
-97.739217,30.320341,2004,8,18,231,2004-08-18,13.49,27.56,23,2.58,2.1,18.44,29.11,0.42,15.96,15.38,62.44,7.23
-97.74805,30.271575,2004,8,18,231,2004-08-18,13.49,27.56,23,2.58,2.1,18.44,29.11,0.42,15.96,15.38,62.44,7.23
-97.735821,30.214074,2004,8,18,231,2004-08-18,14.59,27.23,23.51,2.4,2.1,19.79,28.55,0.42,15.96,13.95,67.62,7.23
-97.750128,30.260902,2004,8,18,231,2004-08-18,13.49,27.56,23,2.58,2.1,18.44,29.11,0.42,15.96,15.38,62.44,7.23
-97.764491,30.377342,2004,8,18,231,2004-08-18,13.49,27.56,23,2.58,2.1,18.44,29.11,0.42,15.96,15.38,62.44,7.23
-97.728529,30.206576,2004,8,18,231,2004-08-18,14.59,27.23,23.51,2.4,2.1,19.79,28.55,0.42,15.96,13.95,67.62,7.23
-97.739801,30.334993,2004,8,18,231,2004-08-18,13.49,27.56,23,2.58,2.1,18.44,29.11,0.42,15.96,15.38,62.44,7.23
-97.740931,30.310686,2004,8,18,231,2004-08-18,13.49,27.56,23,2.58,2.1,18.44,29.11,0.42,15.96,15.38,62.44,7.23
-97.75208,30.394529,2004,8,18,231,2004-08-18,13.49,27.56,23,2.58,2.1,18.44,29.11,0.42,15.96,15.38,62.44,7.23
-97.737942,30.344698,2004,8,18,231,2004-08-18,13.49,27.56,23,2.58,2.1,18.44,29.11,0.42,15.96,15.38,62.44,7.23
-97.719519,30.381982,2004,8,18,231,2004-08-18,13.49,27.56,23,2.58,2.1,18.44,29.11,0.42,15.96,15.38,62.44,7.23
-97.759294,30.262628,2004,8,18,231,2004-08-18,13.49,27.56,23,2.58,2.1,18.44,29.11,0.42,15.96,15.38,62.44,7.23
-97.865427,30.229596,2004,8,18,231,2004-08-18,14.34,27.09,23.19,2.7,2.1,19.3,28.58,0.42,15.96,12.88,65.75,7.23
-97.738313,30.257025,2004,8,18,231,2004-08-18,13.49,27.56,23,2.58,2.1,18.44,29.11,0.42,15.96,15.38,62.44,7.23
-97.724092,30.329503,2004,8,18,231,2004-08-18,13.49,27.56,23,2.58,2.1,18.44,29.11,0.42,15.96,15.38,62.44,7.23
-97.707405,30.194981,2004,8,18,231,2004-08-18,14.59,27.23,23.51,2.4,2.1,19.79,28.55,0.42,15.96,13.95,67.62,7.23
-97.66281,30.312738,2004,8,18,231,2004-08-18,13.49,27.56,23,2.58,2.1,18.44,29.11,0.42,15.96,15.38,62.44,7.23
-97.773121,30.206382,2004,8,18,231,2004-08-18,14.59,27.23,23.51,2.4,2.1,19.79,28.55,0.42,15.96,13.95,67.62,7.23
-97.727359,30.381273,2004,8,18,231,2004-08-18,13.49,27.56,23,2.58,2.1,18.44,29.11,0.42,15.96,15.38,62.44,7.23
-97.744714,30.296335,2004,8,18,231,2004-08-18,13.49,27.56,23,2.58,2.1,18.44,29.11,0.42,15.96,15.38,62.44,7.23
-97.698659,30.254039,2004,8,18,231,2004-08-18,13.49,27.56,23,2.58,2.1,18.44,29.11,0.42,15.96,15.38,62.44,7.23
-97.746137,30.269432,2004,8,18,231,2004-08-18,13.49,27.56,23,2.58,2.1,18.44,29.11,0.42,15.96,15.38,62.44,7.23
-97.731024,30.211504,2004,8,18,231,2004-08-18,14.59,27.23,23.51,2.4,2.1,19.79,28.55,0.42,15.96,13.95,67.62,7.23
-97.681048,30.252658,2004,8,18,231,2004-08-18,13.49,27.56,23,2.58,2.1,18.44,29.11,0.42,15.96,15.38,62.44,7.23
-97.763556,30.376236,2004,8,18,231,2004-08-18,13.49,27.56,23,2.58,2.1,18.44,29.11,0.42,15.96,15.38,62.44,7.23
-97.746468,30.398661,2004,8,18,231,2004-08-18,13.49,27.56,23,2.58,2.1,18.44,29.11,0.42,15.96,15.38,62.44,7.23
-97.702089,30.251721,2004,8,18,231,2004-08-18,13.49,27.56,23,2.58,2.1,18.44,29.11,0.42,15.96,15.38,62.44,7.23
-97.752503,30.210785,2004,8,18,231,2004-08-18,14.59,27.23,23.51,2.4,2.1,19.79,28.55,0.42,15.96,13.95,67.62,7.23
-97.80279,30.336771,2004,8,18,231,2004-08-18,13.49,27.56,23,2.58,2.1,18.44,29.11,0.42,15.96,15.38,62.44,7.23
-97.750862,30.208088,2004,8,18,231,2004-08-18,14.59,27.23,23.51,2.4,2.1,19.79,28.55,0.42,15.96,13.95,67.62,7.23
-97.765055,30.378689,2004,8,18,231,2004-08-18,13.49,27.56,23,2.58,2.1,18.44,29.11,0.42,15.96,15.38,62.44,7.23
-97.716445,30.209093,2004,8,18,231,2004-08-18,14.59,27.23,23.51,2.4,2.1,19.79,28.55,0.42,15.96,13.95,67.62,7.23
-97.759277,30.330602,2004,8,18,231,2004-08-18,13.49,27.56,23,2.58,2.1,18.44,29.11,0.42,15.96,15.38,62.44,7.23
-97.689635,30.323972,2004,8,18,231,2004-08-18,13.49,27.56,23,2.58,2.1,18.44,29.11,0.42,15.96,15.38,62.44,7.23
-97.690691,30.311954,2004,8,18,231,2004-08-18,13.49,27.56,23,2.58,2.1,18.44,29.11,0.42,15.96,15.38,62.44,7.23
-97.728871,30.209555,2004,8,18,231,2004-08-18,14.59,27.23,23.51,2.4,2.1,19.79,28.55,0.42,15.96,13.95,67.62,7.23
-97.768916,30.183713,2004,8,18,231,2004-08-18,14.59,27.23,23.51,2.4,2.1,19.79,28.55,0.42,15.96,13.95,67.62,7.23
-97.709865,30.444365,2004,8,18,231,2004-08-18,13.49,27.56,23,2.58,2.1,18.44,29.11,0.42,15.96,15.38,62.44,7.23
-97.74753,30.298187,2004,8,18,231,2004-08-18,13.49,27.56,23,2.58,2.1,18.44,29.11,0.42,15.96,15.38,62.44,7.23
-97.727719,30.373498,2004,8,18,231,2004-08-18,13.49,27.56,23,2.58,2.1,18.44,29.11,0.42,15.96,15.38,62.44,7.23
-97.772932,30.22528,2004,8,18,231,2004-08-18,14.59,27.23,23.51,2.4,2.1,19.79,28.55,0.42,15.96,13.95,67.62,7.23
-97.718657,30.33614,2004,8,18,231,2004-08-18,13.49,27.56,23,2.58,2.1,18.44,29.11,0.42,15.96,15.38,62.44,7.23
-97.669787,30.335556,2004,8,18,231,2004-08-18,13.49,27.56,23,2.58,2.1,18.44,29.11,0.42,15.96,15.38,62.44,7.23
-97.742034,30.362611,2004,8,18,231,2004-08-18,13.49,27.56,23,2.58,2.1,18.44,29.11,0.42,15.96,15.38,62.44,7.23
-97.702993,30.323578,2004,8,18,231,2004-08-18,13.49,27.56,23,2.58,2.1,18.44,29.11,0.42,15.96,15.38,62.44,7.23
-97.859477,30.23536,2004,8,18,231,2004-08-18,14.34,27.09,23.19,2.7,2.1,19.3,28.58,0.42,15.96,12.88,65.75,7.23
-97.629028,30.374733,2004,8,18,231,2004-08-18,13.49,27.56,23,2.58,2.1,18.44,29.11,0.42,15.96,15.38,62.44,7.23
-97.754368,30.388262,2004,8,18,231,2004-08-18,13.49,27.56,23,2.58,2.1,18.44,29.11,0.42,15.96,15.38,62.44,7.23
-97.681135,30.314462,2004,8,18,231,2004-08-18,13.49,27.56,23,2.58,2.1,18.44,29.11,0.42,15.96,15.38,62.44,7.23
-97.676066,30.302021,2004,8,18,231,2004-08-18,13.49,27.56,23,2.58,2.1,18.44,29.11,0.42,15.96,15.38,62.44,7.23
-97.763556,30.376236,2004,8,18,231,2004-08-18,13.49,27.56,23,2.58,2.1,18.44,29.11,0.42,15.96,15.38,62.44,7.23
-97.840042,30.238594,2004,8,18,231,2004-08-18,14.34,27.09,23.19,2.7,2.1,19.3,28.58,0.42,15.96,12.88,65.75,7.23
-97.740924,30.269153,2004,8,18,231,2004-08-18,13.49,27.56,23,2.58,2.1,18.44,29.11,0.42,15.96,15.38,62.44,7.23
-97.798581,30.175385,2004,8,18,231,2004-08-18,14.59,27.23,23.51,2.4,2.1,19.79,28.55,0.42,15.96,13.95,67.62,7.23
-97.761214,30.227981,2004,8,18,231,2004-08-18,14.59,27.23,23.51,2.4,2.1,19.79,28.55,0.42,15.96,13.95,67.62,7.23
-97.727367,30.394922,2004,8,18,231,2004-08-18,13.49,27.56,23,2.58,2.1,18.44,29.11,0.42,15.96,15.38,62.44,7.23
-97.672371,30.335889,2004,8,18,231,2004-08-18,13.49,27.56,23,2.58,2.1,18.44,29.11,0.42,15.96,15.38,62.44,7.23
-97.769816,30.34197,2004,8,18,231,2004-08-18,13.49,27.56,23,2.58,2.1,18.44,29.11,0.42,15.96,15.38,62.44,7.23
-97.750564,30.365358,2004,8,18,231,2004-08-18,13.49,27.56,23,2.58,2.1,18.44,29.11,0.42,15.96,15.38,62.44,7.23
-97.76699,30.224364,2004,8,18,231,2004-08-18,14.59,27.23,23.51,2.4,2.1,19.79,28.55,0.42,15.96,13.95,67.62,7.23
-97.714614,30.20553,2004,8,18,231,2004-08-18,14.59,27.23,23.51,2.4,2.1,19.79,28.55,0.42,15.96,13.95,67.62,7.23
-97.754669,30.357405,2004,8,18,231,2004-08-18,13.49,27.56,23,2.58,2.1,18.44,29.11,0.42,15.96,15.38,62.44,7.23
-97.865547,30.233854,2004,8,18,231,2004-08-18,14.34,27.09,23.19,2.7,2.1,19.3,28.58,0.42,15.96,12.88,65.75,7.23
-97.708443,30.361618,2004,8,18,231,2004-08-18,13.49,27.56,23,2.58,2.1,18.44,29.11,0.42,15.96,15.38,62.44,7.23
-97.868485,30.201062,2004,8,18,231,2004-08-18,14.34,27.09,23.19,2.7,2.1,19.3,28.58,0.42,15.96,12.88,65.75,7.23
-97.674706,30.399389,2004,8,18,231,2004-08-18,13.49,27.56,23,2.58,2.1,18.44,29.11,0.42,15.96,15.38,62.44,7.23
-97.771339,30.228616,2004,8,18,231,2004-08-18,14.59,27.23,23.51,2.4,2.1,19.79,28.55,0.42,15.96,13.95,67.62,7.23
-97.756258,30.227797,2004,8,18,231,2004-08-18,14.59,27.23,23.51,2.4,2.1,19.79,28.55,0.42,15.96,13.95,67.62,7.23
-97.74671,30.358646,2004,8,18,231,2004-08-18,13.49,27.56,23,2.58,2.1,18.44,29.11,0.42,15.96,15.38,62.44,7.23
-97.668899,30.30908,2004,8,18,231,2004-08-18,13.49,27.56,23,2.58,2.1,18.44,29.11,0.42,15.96,15.38,62.44,7.23
-97.754017,30.169767,2004,8,18,231,2004-08-18,14.59,27.23,23.51,2.4,2.1,19.79,28.55,0.42,15.96,13.95,67.62,7.23
-97.653806,30.324132,2004,8,18,231,2004-08-18,13.49,27.56,23,2.58,2.1,18.44,29.11,0.42,15.96,15.38,62.44,7.23
-97.716166,30.342087,2004,8,18,231,2004-08-18,13.49,27.56,23,2.58,2.1,18.44,29.11,0.42,15.96,15.38,62.44,7.23
-97.727679,30.381431,2004,8,18,231,2004-08-18,13.49,27.56,23,2.58,2.1,18.44,29.11,0.42,15.96,15.38,62.44,7.23
-97.73997,30.385685,2004,8,18,231,2004-08-18,13.49,27.56,23,2.58,2.1,18.44,29.11,0.42,15.96,15.38,62.44,7.23
-97.703813,30.205679,2004,8,18,231,2004-08-18,14.59,27.23,23.51,2.4,2.1,19.79,28.55,0.42,15.96,13.95,67.62,7.23
-97.749613,30.400711,2004,8,18,231,2004-08-18,13.49,27.56,23,2.58,2.1,18.44,29.11,0.42,15.96,15.38,62.44,7.23
-97.881492,30.192193,2004,8,18,231,2004-08-18,14.34,27.09,23.19,2.7,2.1,19.3,28.58,0.42,15.96,12.88,65.75,7.23
-97.727503,30.261037,2004,8,18,231,2004-08-18,13.49,27.56,23,2.58,2.1,18.44,29.11,0.42,15.96,15.38,62.44,7.23
-97.705235,30.185961,2004,8,18,231,2004-08-18,14.59,27.23,23.51,2.4,2.1,19.79,28.55,0.42,15.96,13.95,67.62,7.23
-97.715837,30.306151,2004,8,18,231,2004-08-18,13.49,27.56,23,2.58,2.1,18.44,29.11,0.42,15.96,15.38,62.44,7.23
-97.831231,30.18872,2004,8,18,231,2004-08-18,14.34,27.09,23.19,2.7,2.1,19.3,28.58,0.42,15.96,12.88,65.75,7.23
-97.738465,30.388119,2004,8,18,231,2004-08-18,13.49,27.56,23,2.58,2.1,18.44,29.11,0.42,15.96,15.38,62.44,7.23
-97.70756,30.194836,2004,8,18,231,2004-08-18,14.59,27.23,23.51,2.4,2.1,19.79,28.55,0.42,15.96,13.95,67.62,7.23
-97.782823,30.208904,2004,8,18,231,2004-08-18,14.59,27.23,23.51,2.4,2.1,19.79,28.55,0.42,15.96,13.95,67.62,7.23
-97.628368,30.374382,2004,8,18,231,2004-08-18,13.49,27.56,23,2.58,2.1,18.44,29.11,0.42,15.96,15.38,62.44,7.23
-97.740261,30.367117,2004,8,18,231,2004-08-18,13.49,27.56,23,2.58,2.1,18.44,29.11,0.42,15.96,15.38,62.44,7.23
-97.747252,30.417278,2004,8,18,231,2004-08-18,13.49,27.56,23,2.58,2.1,18.44,29.11,0.42,15.96,15.38,62.44,7.23
-97.754811,30.425193,2004,8,18,231,2004-08-18,13.49,27.56,23,2.58,2.1,18.44,29.11,0.42,15.96,15.38,62.44,7.23
-97.738466,30.27201,2004,8,18,231,2004-08-18,13.49,27.56,23,2.58,2.1,18.44,29.11,0.42,15.96,15.38,62.44,7.23
-97.861175,30.23515,2004,8,18,231,2004-08-18,14.34,27.09,23.19,2.7,2.1,19.3,28.58,0.42,15.96,12.88,65.75,7.23
-97.742141,30.262711,2004,8,18,231,2004-08-18,13.49,27.56,23,2.58,2.1,18.44,29.11,0.42,15.96,15.38,62.44,7.23
-97.724568,30.211174,2004,8,18,231,2004-08-18,14.59,27.23,23.51,2.4,2.1,19.79,28.55,0.42,15.96,13.95,67.62,7.23
-97.782807,30.254056,2004,8,18,231,2004-08-18,13.49,27.56,23,2.58,2.1,18.44,29.11,0.42,15.96,15.38,62.44,7.23
-97.718518,30.334732,2004,8,18,231,2004-08-18,13.49,27.56,23,2.58,2.1,18.44,29.11,0.42,15.96,15.38,62.44,7.23
-97.714174,30.19661,2004,8,18,231,2004-08-18,14.59,27.23,23.51,2.4,2.1,19.79,28.55,0.42,15.96,13.95,67.62,7.23
-97.728691,30.211346,2004,8,18,231,2004-08-18,14.59,27.23,23.51,2.4,2.1,19.79,28.55,0.42,15.96,13.95,67.62,7.23
-97.89329,30.256429,2004,8,18,231,2004-08-18,13.49,27.26,22.72,2.74,2.1,18.17,28.74,0.42,15.96,14.34,61.56,7.23
-97.7729,30.277605,2004,8,18,231,2004-08-18,13.49,27.56,23,2.58,2.1,18.44,29.11,0.42,15.96,15.38,62.44,7.23
-97.729915,30.320253,2004,8,18,231,2004-08-18,13.49,27.56,23,2.58,2.1,18.44,29.11,0.42,15.96,15.38,62.44,7.23
-97.743476,30.266187,2004,8,18,231,2004-08-18,13.49,27.56,23,2.58,2.1,18.44,29.11,0.42,15.96,15.38,62.44,7.23
-97.746495,30.274242,2004,8,18,231,2004-08-18,13.49,27.56,23,2.58,2.1,18.44,29.11,0.42,15.96,15.38,62.44,7.23
-97.745087,30.428085,2004,8,18,231,2004-08-18,13.49,27.56,23,2.58,2.1,18.44,29.11,0.42,15.96,15.38,62.44,7.23
-97.807272,30.232807,2004,8,18,231,2004-08-18,14.59,27.23,23.51,2.4,2.1,19.79,28.55,0.42,15.96,13.95,67.62,7.23
-97.672886,30.280993,2004,8,18,231,2004-08-18,13.49,27.56,23,2.58,2.1,18.44,29.11,0.42,15.96,15.38,62.44,7.23
-97.761824,30.218579,2004,8,18,231,2004-08-18,14.59,27.23,23.51,2.4,2.1,19.79,28.55,0.42,15.96,13.95,67.62,7.23
-97.719357,30.398394,2004,8,18,231,2004-08-18,13.49,27.56,23,2.58,2.1,18.44,29.11,0.42,15.96,15.38,62.44,7.23
-97.781597,30.375282,2004,8,18,231,2004-08-18,13.49,27.56,23,2.58,2.1,18.44,29.11,0.42,15.96,15.38,62.44,7.23
-97.696497,30.193589,2004,8,18,231,2004-08-18,14.59,27.23,23.51,2.4,2.1,19.79,28.55,0.42,15.96,13.95,67.62,7.23
-97.706217,30.348963,2004,8,18,231,2004-08-18,13.49,27.56,23,2.58,2.1,18.44,29.11,0.42,15.96,15.38,62.44,7.23
-97.760636,30.218012,2004,8,18,231,2004-08-18,14.59,27.23,23.51,2.4,2.1,19.79,28.55,0.42,15.96,13.95,67.62,7.23
-97.763964,30.235243,2004,8,18,231,2004-08-18,14.59,27.23,23.51,2.4,2.1,19.79,28.55,0.42,15.96,13.95,67.62,7.23
-97.755166,30.314499,2004,8,18,231,2004-08-18,13.49,27.56,23,2.58,2.1,18.44,29.11,0.42,15.96,15.38,62.44,7.23
-97.765679,30.382382,2004,8,18,231,2004-08-18,13.49,27.56,23,2.58,2.1,18.44,29.11,0.42,15.96,15.38,62.44,7.23
-97.761453,30.218402,2004,8,18,231,2004-08-18,14.59,27.23,23.51,2.4,2.1,19.79,28.55,0.42,15.96,13.95,67.62,7.23
-97.74224,30.212256,2004,8,18,231,2004-08-18,14.59,27.23,23.51,2.4,2.1,19.79,28.55,0.42,15.96,13.95,67.62,7.23
-97.739899,30.390593,2004,8,18,231,2004-08-18,13.49,27.56,23,2.58,2.1,18.44,29.11,0.42,15.96,15.38,62.44,7.23
-97.746735,30.270988,2004,8,18,231,2004-08-18,13.49,27.56,23,2.58,2.1,18.44,29.11,0.42,15.96,15.38,62.44,7.23
-97.763472,30.376181,2004,8,18,231,2004-08-18,13.49,27.56,23,2.58,2.1,18.44,29.11,0.42,15.96,15.38,62.44,7.23
-97.707361,30.254731,2004,8,18,231,2004-08-18,13.49,27.56,23,2.58,2.1,18.44,29.11,0.42,15.96,15.38,62.44,7.23
-97.776864,30.195844,2004,8,18,231,2004-08-18,14.59,27.23,23.51,2.4,2.1,19.79,28.55,0.42,15.96,13.95,67.62,7.23
-97.745766,30.267863,2004,8,18,231,2004-08-18,13.49,27.56,23,2.58,2.1,18.44,29.11,0.42,15.96,15.38,62.44,7.23
-97.689879,30.329586,2004,8,18,231,2004-08-18,13.49,27.56,23,2.58,2.1,18.44,29.11,0.42,15.96,15.38,62.44,7.23
-97.801248,30.242798,2004,8,18,231,2004-08-18,14.59,27.23,23.51,2.4,2.1,19.79,28.55,0.42,15.96,13.95,67.62,7.23
-97.756742,30.222737,2004,8,18,231,2004-08-18,14.59,27.23,23.51,2.4,2.1,19.79,28.55,0.42,15.96,13.95,67.62,7.23
-97.615237,30.310993,2004,8,18,231,2004-08-18,13.49,27.56,23,2.58,2.1,18.44,29.11,0.42,15.96,15.38,62.44,7.23
-97.727079,30.293312,2004,8,18,231,2004-08-18,13.49,27.56,23,2.58,2.1,18.44,29.11,0.42,15.96,15.38,62.44,7.23
-97.740518,30.265372,2004,8,18,231,2004-08-18,13.49,27.56,23,2.58,2.1,18.44,29.11,0.42,15.96,15.38,62.44,7.23
-97.739639,30.258045,2004,8,18,231,2004-08-18,13.49,27.56,23,2.58,2.1,18.44,29.11,0.42,15.96,15.38,62.44,7.23
-97.723122,30.331045,2004,8,18,231,2004-08-18,13.49,27.56,23,2.58,2.1,18.44,29.11,0.42,15.96,15.38,62.44,7.23
-97.859454,30.206436,2004,8,18,231,2004-08-18,14.34,27.09,23.19,2.7,2.1,19.3,28.58,0.42,15.96,12.88,65.75,7.23
-97.755802,30.371044,2004,8,18,231,2004-08-18,13.49,27.56,23,2.58,2.1,18.44,29.11,0.42,15.96,15.38,62.44,7.23
-97.840022,30.243108,2004,8,18,231,2004-08-18,14.34,27.09,23.19,2.7,2.1,19.3,28.58,0.42,15.96,12.88,65.75,7.23
-97.729915,30.320253,2004,8,18,231,2004-08-18,13.49,27.56,23,2.58,2.1,18.44,29.11,0.42,15.96,15.38,62.44,7.23
-97.696646,30.43989,2004,8,18,231,2004-08-18,13.49,27.56,23,2.58,2.1,18.44,29.11,0.42,15.96,15.38,62.44,7.23
-97.788633,30.262657,2004,8,18,231,2004-08-18,13.49,27.56,23,2.58,2.1,18.44,29.11,0.42,15.96,15.38,62.44,7.23
-97.836018,30.219143,2004,8,18,231,2004-08-18,14.34,27.09,23.19,2.7,2.1,19.3,28.58,0.42,15.96,12.88,65.75,7.23
-97.829355,30.290809,2004,8,18,231,2004-08-18,13.49,27.26,22.72,2.74,2.1,18.17,28.74,0.42,15.96,14.34,61.56,7.23
-97.756278,30.388237,2004,8,18,231,2004-08-18,13.49,27.56,23,2.58,2.1,18.44,29.11,0.42,15.96,15.38,62.44,7.23
-97.742468,30.386189,2004,8,18,231,2004-08-18,13.49,27.56,23,2.58,2.1,18.44,29.11,0.42,15.96,15.38,62.44,7.23
-97.798078,30.356795,2004,8,18,231,2004-08-18,13.49,27.56,23,2.58,2.1,18.44,29.11,0.42,15.96,15.38,62.44,7.23
-97.698032,30.252049,2004,8,18,231,2004-08-18,13.49,27.56,23,2.58,2.1,18.44,29.11,0.42,15.96,15.38,62.44,7.23
-97.689674,30.342975,2004,8,18,231,2004-08-18,13.49,27.56,23,2.58,2.1,18.44,29.11,0.42,15.96,15.38,62.44,7.23
-97.787045,30.240226,2004,8,18,231,2004-08-18,14.59,27.23,23.51,2.4,2.1,19.79,28.55,0.42,15.96,13.95,67.62,7.23
-97.731433,30.35509,2004,8,18,231,2004-08-18,13.49,27.56,23,2.58,2.1,18.44,29.11,0.42,15.96,15.38,62.44,7.23
-97.789447,30.228193,2004,8,18,231,2004-08-18,14.59,27.23,23.51,2.4,2.1,19.79,28.55,0.42,15.96,13.95,67.62,7.23
-97.825921,30.234666,2004,8,18,231,2004-08-18,14.34,27.09,23.19,2.7,2.1,19.3,28.58,0.42,15.96,12.88,65.75,7.23
-97.711661,30.266275,2004,8,18,231,2004-08-18,13.49,27.56,23,2.58,2.1,18.44,29.11,0.42,15.96,15.38,62.44,7.23
-97.729645,30.214843,2004,8,18,231,2004-08-18,14.59,27.23,23.51,2.4,2.1,19.79,28.55,0.42,15.96,13.95,67.62,7.23
-97.661104,30.337801,2004,8,18,231,2004-08-18,13.49,27.56,23,2.58,2.1,18.44,29.11,0.42,15.96,15.38,62.44,7.23
-97.685219,30.43232,2004,8,18,231,2004-08-18,13.49,27.56,23,2.58,2.1,18.44,29.11,0.42,15.96,15.38,62.44,7.23
-97.801322,30.348523,2004,8,18,231,2004-08-18,13.49,27.56,23,2.58,2.1,18.44,29.11,0.42,15.96,15.38,62.44,7.23
-97.862737,30.228672,2004,8,18,231,2004-08-18,14.34,27.09,23.19,2.7,2.1,19.3,28.58,0.42,15.96,12.88,65.75,7.23
-97.689824,30.334543,2004,8,18,231,2004-08-18,13.49,27.56,23,2.58,2.1,18.44,29.11,0.42,15.96,15.38,62.44,7.23
-97.709249,30.201243,2004,8,18,231,2004-08-18,14.59,27.23,23.51,2.4,2.1,19.79,28.55,0.42,15.96,13.95,67.62,7.23
-97.77885,30.377292,2004,8,18,231,2004-08-18,13.49,27.56,23,2.58,2.1,18.44,29.11,0.42,15.96,15.38,62.44,7.23
-97.747044,30.275633,2004,8,18,231,2004-08-18,13.49,27.56,23,2.58,2.1,18.44,29.11,0.42,15.96,15.38,62.44,7.23
-97.69053,30.317407,2004,8,18,231,2004-08-18,13.49,27.56,23,2.58,2.1,18.44,29.11,0.42,15.96,15.38,62.44,7.23
-97.762484,30.216848,2004,8,18,231,2004-08-18,14.59,27.23,23.51,2.4,2.1,19.79,28.55,0.42,15.96,13.95,67.62,7.23
-97.753034,30.273387,2004,8,18,231,2004-08-18,13.49,27.56,23,2.58,2.1,18.44,29.11,0.42,15.96,15.38,62.44,7.23
-97.749439,30.270136,2004,8,18,231,2004-08-18,13.49,27.56,23,2.58,2.1,18.44,29.11,0.42,15.96,15.38,62.44,7.23
-97.717456,30.325938,2004,8,18,231,2004-08-18,13.49,27.56,23,2.58,2.1,18.44,29.11,0.42,15.96,15.38,62.44,7.23
-97.774914,30.197531,2004,8,18,231,2004-08-18,14.59,27.23,23.51,2.4,2.1,19.79,28.55,0.42,15.96,13.95,67.62,7.23
-97.746955,30.265075,2004,8,18,231,2004-08-18,13.49,27.56,23,2.58,2.1,18.44,29.11,0.42,15.96,15.38,62.44,7.23
-97.770615,30.224708,2004,8,18,231,2004-08-18,14.59,27.23,23.51,2.4,2.1,19.79,28.55,0.42,15.96,13.95,67.62,7.23
-97.653315,30.292288,2004,8,18,231,2004-08-18,13.49,27.56,23,2.58,2.1,18.44,29.11,0.42,15.96,15.38,62.44,7.23
-97.719538,30.202484,2004,8,18,231,2004-08-18,14.59,27.23,23.51,2.4,2.1,19.79,28.55,0.42,15.96,13.95,67.62,7.23
-97.709895,30.327088,2004,8,18,231,2004-08-18,13.49,27.56,23,2.58,2.1,18.44,29.11,0.42,15.96,15.38,62.44,7.23
-97.732885,30.381538,2004,8,18,231,2004-08-18,13.49,27.56,23,2.58,2.1,18.44,29.11,0.42,15.96,15.38,62.44,7.23
-97.705466,30.196783,2004,8,18,231,2004-08-18,14.59,27.23,23.51,2.4,2.1,19.79,28.55,0.42,15.96,13.95,67.62,7.23
-97.732895,30.311002,2004,8,18,231,2004-08-18,13.49,27.56,23,2.58,2.1,18.44,29.11,0.42,15.96,15.38,62.44,7.23
-97.732243,30.432211,2004,8,18,231,2004-08-18,13.49,27.56,23,2.58,2.1,18.44,29.11,0.42,15.96,15.38,62.44,7.23
-97.7384,30.26963,2004,8,18,231,2004-08-18,13.49,27.56,23,2.58,2.1,18.44,29.11,0.42,15.96,15.38,62.44,7.23
-97.706182,30.198663,2004,8,18,231,2004-08-18,14.59,27.23,23.51,2.4,2.1,19.79,28.55,0.42,15.96,13.95,67.62,7.23
-97.709431,30.25603,2004,8,18,231,2004-08-18,13.49,27.56,23,2.58,2.1,18.44,29.11,0.42,15.96,15.38,62.44,7.23
-97.839938,30.239533,2004,8,18,231,2004-08-18,14.34,27.09,23.19,2.7,2.1,19.3,28.58,0.42,15.96,12.88,65.75,7.23
-97.814602,30.208537,2004,8,18,231,2004-08-18,14.34,27.09,23.19,2.7,2.1,19.3,28.58,0.42,15.96,12.88,65.75,7.23
-97.710201,30.214971,2004,8,18,231,2004-08-18,14.59,27.23,23.51,2.4,2.1,19.79,28.55,0.42,15.96,13.95,67.62,7.23
-97.743074,30.267321,2004,8,18,231,2004-08-18,13.49,27.56,23,2.58,2.1,18.44,29.11,0.42,15.96,15.38,62.44,7.23
-97.722433,30.399366,2004,8,18,231,2004-08-18,13.49,27.56,23,2.58,2.1,18.44,29.11,0.42,15.96,15.38,62.44,7.23
-97.715497,30.357106,2004,8,18,231,2004-08-18,13.49,27.56,23,2.58,2.1,18.44,29.11,0.42,15.96,15.38,62.44,7.23
-97.788945,30.3685,2004,8,18,231,2004-08-18,13.49,27.56,23,2.58,2.1,18.44,29.11,0.42,15.96,15.38,62.44,7.23
-97.665785,30.313782,2004,8,18,231,2004-08-18,13.49,27.56,23,2.58,2.1,18.44,29.11,0.42,15.96,15.38,62.44,7.23
-97.766999,30.218057,2004,8,18,231,2004-08-18,14.59,27.23,23.51,2.4,2.1,19.79,28.55,0.42,15.96,13.95,67.62,7.23
-97.747237,30.258968,2004,8,18,231,2004-08-18,13.49,27.56,23,2.58,2.1,18.44,29.11,0.42,15.96,15.38,62.44,7.23
-97.737152,30.22432,2004,8,18,231,2004-08-18,14.59,27.23,23.51,2.4,2.1,19.79,28.55,0.42,15.96,13.95,67.62,7.23
-97.753644,30.22651,2004,8,18,231,2004-08-18,14.59,27.23,23.51,2.4,2.1,19.79,28.55,0.42,15.96,13.95,67.62,7.23
-97.732364,30.302424,2004,8,18,231,2004-08-18,13.49,27.56,23,2.58,2.1,18.44,29.11,0.42,15.96,15.38,62.44,7.23
-97.845404,30.190348,2004,8,18,231,2004-08-18,14.34,27.09,23.19,2.7,2.1,19.3,28.58,0.42,15.96,12.88,65.75,7.23
-97.720386,30.21431,2004,8,18,231,2004-08-18,14.59,27.23,23.51,2.4,2.1,19.79,28.55,0.42,15.96,13.95,67.62,7.23
-97.742062,30.270085,2004,8,18,231,2004-08-18,13.49,27.56,23,2.58,2.1,18.44,29.11,0.42,15.96,15.38,62.44,7.23
-97.728998,30.374799,2004,8,18,231,2004-08-18,13.49,27.56,23,2.58,2.1,18.44,29.11,0.42,15.96,15.38,62.44,7.23
-97.816218,30.276054,2004,8,18,231,2004-08-18,13.49,27.26,22.72,2.74,2.1,18.17,28.74,0.42,15.96,14.34,61.56,7.23
-97.71293,30.203719,2004,8,18,231,2004-08-18,14.59,27.23,23.51,2.4,2.1,19.79,28.55,0.42,15.96,13.95,67.62,7.23
-97.875113,30.211485,2004,8,18,231,2004-08-18,14.34,27.09,23.19,2.7,2.1,19.3,28.58,0.42,15.96,12.88,65.75,7.23
-97.755602,30.218039,2004,8,18,231,2004-08-18,14.59,27.23,23.51,2.4,2.1,19.79,28.55,0.42,15.96,13.95,67.62,7.23
-97.751398,30.351494,2004,8,18,231,2004-08-18,13.49,27.56,23,2.58,2.1,18.44,29.11,0.42,15.96,15.38,62.44,7.23
-97.800082,30.370747,2004,8,18,231,2004-08-18,13.49,27.56,23,2.58,2.1,18.44,29.11,0.42,15.96,15.38,62.44,7.23
-97.660946,30.318482,2004,8,18,231,2004-08-18,13.49,27.56,23,2.58,2.1,18.44,29.11,0.42,15.96,15.38,62.44,7.23
-97.798721,30.23783,2004,8,18,231,2004-08-18,14.59,27.23,23.51,2.4,2.1,19.79,28.55,0.42,15.96,13.95,67.62,7.23
-97.798581,30.175385,2004,8,18,231,2004-08-18,14.59,27.23,23.51,2.4,2.1,19.79,28.55,0.42,15.96,13.95,67.62,7.23
-97.743515,30.266087,2004,8,18,231,2004-08-18,13.49,27.56,23,2.58,2.1,18.44,29.11,0.42,15.96,15.38,62.44,7.23
-97.771343,30.211265,2004,8,18,231,2004-08-18,14.59,27.23,23.51,2.4,2.1,19.79,28.55,0.42,15.96,13.95,67.62,7.23
-97.753644,30.22651,2004,8,18,231,2004-08-18,14.59,27.23,23.51,2.4,2.1,19.79,28.55,0.42,15.96,13.95,67.62,7.23
-97.760052,30.20925,2004,8,18,231,2004-08-18,14.59,27.23,23.51,2.4,2.1,19.79,28.55,0.42,15.96,13.95,67.62,7.23
-97.743175,30.368293,2004,8,18,231,2004-08-18,13.49,27.56,23,2.58,2.1,18.44,29.11,0.42,15.96,15.38,62.44,7.23
-97.73283,30.264479,2004,8,18,231,2004-08-18,13.49,27.56,23,2.58,2.1,18.44,29.11,0.42,15.96,15.38,62.44,7.23
-97.768088,30.216359,2004,8,18,231,2004-08-18,14.59,27.23,23.51,2.4,2.1,19.79,28.55,0.42,15.96,13.95,67.62,7.23
-97.746267,30.288042,2004,8,18,231,2004-08-18,13.49,27.56,23,2.58,2.1,18.44,29.11,0.42,15.96,15.38,62.44,7.23
-97.691881,30.236482,2004,8,18,231,2004-08-18,14.59,27.23,23.51,2.4,2.1,19.79,28.55,0.42,15.96,13.95,67.62,7.23
-97.711082,30.260519,2004,8,18,231,2004-08-18,13.49,27.56,23,2.58,2.1,18.44,29.11,0.42,15.96,15.38,62.44,7.23
-97.749757,30.362591,2004,8,18,231,2004-08-18,13.49,27.56,23,2.58,2.1,18.44,29.11,0.42,15.96,15.38,62.44,7.23
-97.66945,30.373027,2004,8,18,231,2004-08-18,13.49,27.56,23,2.58,2.1,18.44,29.11,0.42,15.96,15.38,62.44,7.23
-97.739905,30.303717,2004,8,18,231,2004-08-18,13.49,27.56,23,2.58,2.1,18.44,29.11,0.42,15.96,15.38,62.44,7.23
-97.759944,30.217682,2004,8,18,231,2004-08-18,14.59,27.23,23.51,2.4,2.1,19.79,28.55,0.42,15.96,13.95,67.62,7.23
-97.774605,30.205419,2004,8,18,231,2004-08-18,14.59,27.23,23.51,2.4,2.1,19.79,28.55,0.42,15.96,13.95,67.62,7.23
-97.698303,30.251353,2004,8,18,231,2004-08-18,13.49,27.56,23,2.58,2.1,18.44,29.11,0.42,15.96,15.38,62.44,7.23
-97.760682,30.208239,2004,8,18,231,2004-08-18,14.59,27.23,23.51,2.4,2.1,19.79,28.55,0.42,15.96,13.95,67.62,7.23
-97.773352,30.221249,2004,8,18,231,2004-08-18,14.59,27.23,23.51,2.4,2.1,19.79,28.55,0.42,15.96,13.95,67.62,7.23
-97.75208,30.394529,2004,8,18,231,2004-08-18,13.49,27.56,23,2.58,2.1,18.44,29.11,0.42,15.96,15.38,62.44,7.23
-97.76661,30.225443,2004,8,18,231,2004-08-18,14.59,27.23,23.51,2.4,2.1,19.79,28.55,0.42,15.96,13.95,67.62,7.23
-97.751012,30.350728,2004,8,18,231,2004-08-18,13.49,27.56,23,2.58,2.1,18.44,29.11,0.42,15.96,15.38,62.44,7.23
-97.857443,30.244927,2004,8,18,231,2004-08-18,14.34,27.09,23.19,2.7,2.1,19.3,28.58,0.42,15.96,12.88,65.75,7.23
-97.736204,30.213462,2004,8,18,231,2004-08-18,14.59,27.23,23.51,2.4,2.1,19.79,28.55,0.42,15.96,13.95,67.62,7.23
-97.780756,30.225717,2004,8,18,231,2004-08-18,14.59,27.23,23.51,2.4,2.1,19.79,28.55,0.42,15.96,13.95,67.62,7.23
-97.719538,30.202484,2004,8,18,231,2004-08-18,14.59,27.23,23.51,2.4,2.1,19.79,28.55,0.42,15.96,13.95,67.62,7.23
-97.749738,30.214102,2004,8,18,231,2004-08-18,14.59,27.23,23.51,2.4,2.1,19.79,28.55,0.42,15.96,13.95,67.62,7.23
-97.804941,30.259847,2004,8,18,231,2004-08-18,13.49,27.56,23,2.58,2.1,18.44,29.11,0.42,15.96,15.38,62.44,7.23
-97.865164,30.233822,2004,8,18,231,2004-08-18,14.34,27.09,23.19,2.7,2.1,19.3,28.58,0.42,15.96,12.88,65.75,7.23
-97.74166,30.287096,2004,8,18,231,2004-08-18,13.49,27.56,23,2.58,2.1,18.44,29.11,0.42,15.96,15.38,62.44,7.23
-97.74814,30.343234,2004,8,18,231,2004-08-18,13.49,27.56,23,2.58,2.1,18.44,29.11,0.42,15.96,15.38,62.44,7.23
-97.773737,30.226123,2004,8,18,231,2004-08-18,14.59,27.23,23.51,2.4,2.1,19.79,28.55,0.42,15.96,13.95,67.62,7.23
-97.739514,30.324341,2004,8,18,231,2004-08-18,13.49,27.56,23,2.58,2.1,18.44,29.11,0.42,15.96,15.38,62.44,7.23
-97.718608,30.339315,2004,8,18,231,2004-08-18,13.49,27.56,23,2.58,2.1,18.44,29.11,0.42,15.96,15.38,62.44,7.23
-97.809469,30.261419,2004,8,18,231,2004-08-18,13.49,27.56,23,2.58,2.1,18.44,29.11,0.42,15.96,15.38,62.44,7.23
-97.670953,30.277143,2004,8,18,231,2004-08-18,13.49,27.56,23,2.58,2.1,18.44,29.11,0.42,15.96,15.38,62.44,7.23
-97.739836,30.270316,2004,8,18,231,2004-08-18,13.49,27.56,23,2.58,2.1,18.44,29.11,0.42,15.96,15.38,62.44,7.23
-97.833104,30.233225,2004,8,18,231,2004-08-18,14.34,27.09,23.19,2.7,2.1,19.3,28.58,0.42,15.96,12.88,65.75,7.23
-97.75021,30.269122,2004,8,18,231,2004-08-18,13.49,27.56,23,2.58,2.1,18.44,29.11,0.42,15.96,15.38,62.44,7.23
-97.790504,30.237689,2004,8,18,231,2004-08-18,14.59,27.23,23.51,2.4,2.1,19.79,28.55,0.42,15.96,13.95,67.62,7.23
-97.742044,30.428454,2004,8,18,231,2004-08-18,13.49,27.56,23,2.58,2.1,18.44,29.11,0.42,15.96,15.38,62.44,7.23
-97.788138,30.369424,2004,8,18,231,2004-08-18,13.49,27.56,23,2.58,2.1,18.44,29.11,0.42,15.96,15.38,62.44,7.23
-97.7355,30.30504,2004,8,18,231,2004-08-18,13.49,27.56,23,2.58,2.1,18.44,29.11,0.42,15.96,15.38,62.44,7.23
-97.705235,30.185961,2004,8,18,231,2004-08-18,14.59,27.23,23.51,2.4,2.1,19.79,28.55,0.42,15.96,13.95,67.62,7.23
-97.628557,30.374192,2004,8,18,231,2004-08-18,13.49,27.56,23,2.58,2.1,18.44,29.11,0.42,15.96,15.38,62.44,7.23
-97.749967,30.328021,2004,8,18,231,2004-08-18,13.49,27.56,23,2.58,2.1,18.44,29.11,0.42,15.96,15.38,62.44,7.23
-97.747138,30.407713,2004,8,18,231,2004-08-18,13.49,27.56,23,2.58,2.1,18.44,29.11,0.42,15.96,15.38,62.44,7.23
-97.778252,30.194415,2004,8,18,231,2004-08-18,14.59,27.23,23.51,2.4,2.1,19.79,28.55,0.42,15.96,13.95,67.62,7.23
-97.713013,30.391782,2004,8,18,231,2004-08-18,13.49,27.56,23,2.58,2.1,18.44,29.11,0.42,15.96,15.38,62.44,7.23
-97.752985,30.20476,2004,8,18,231,2004-08-18,14.59,27.23,23.51,2.4,2.1,19.79,28.55,0.42,15.96,13.95,67.62,7.23
-97.772582,30.221594,2004,8,18,231,2004-08-18,14.59,27.23,23.51,2.4,2.1,19.79,28.55,0.42,15.96,13.95,67.62,7.23
-97.758643,30.23219,2004,8,18,231,2004-08-18,14.59,27.23,23.51,2.4,2.1,19.79,28.55,0.42,15.96,13.95,67.62,7.23
-97.792271,30.17432,2004,8,18,231,2004-08-18,14.59,27.23,23.51,2.4,2.1,19.79,28.55,0.42,15.96,13.95,67.62,7.23
-97.729375,30.209435,2004,8,18,231,2004-08-18,14.59,27.23,23.51,2.4,2.1,19.79,28.55,0.42,15.96,13.95,67.62,7.23
-97.671244,30.207826,2004,8,18,231,2004-08-18,14.59,27.23,23.51,2.4,2.1,19.79,28.55,0.42,15.96,13.95,67.62,7.23
-97.750106,30.21349,2004,8,18,231,2004-08-18,14.59,27.23,23.51,2.4,2.1,19.79,28.55,0.42,15.96,13.95,67.62,7.23
-97.737844,30.210848,2004,8,18,231,2004-08-18,14.59,27.23,23.51,2.4,2.1,19.79,28.55,0.42,15.96,13.95,67.62,7.23
-97.859361,30.235467,2004,8,18,231,2004-08-18,14.34,27.09,23.19,2.7,2.1,19.3,28.58,0.42,15.96,12.88,65.75,7.23
-97.737111,30.26749,2004,8,18,231,2004-08-18,13.49,27.56,23,2.58,2.1,18.44,29.11,0.42,15.96,15.38,62.44,7.23
-97.730685,30.205699,2004,8,18,231,2004-08-18,14.59,27.23,23.51,2.4,2.1,19.79,28.55,0.42,15.96,13.95,67.62,7.23
-97.739292,30.32133,2004,8,18,231,2004-08-18,13.49,27.56,23,2.58,2.1,18.44,29.11,0.42,15.96,15.38,62.44,7.23
-97.735746,30.258131,2004,8,18,231,2004-08-18,13.49,27.56,23,2.58,2.1,18.44,29.11,0.42,15.96,15.38,62.44,7.23
-97.680574,30.317979,2004,8,18,231,2004-08-18,13.49,27.56,23,2.58,2.1,18.44,29.11,0.42,15.96,15.38,62.44,7.23
-97.757979,30.216709,2004,8,18,231,2004-08-18,14.59,27.23,23.51,2.4,2.1,19.79,28.55,0.42,15.96,13.95,67.62,7.23
-97.673243,30.355042,2004,8,18,231,2004-08-18,13.49,27.56,23,2.58,2.1,18.44,29.11,0.42,15.96,15.38,62.44,7.23
-97.759209,30.334684,2004,8,18,231,2004-08-18,13.49,27.56,23,2.58,2.1,18.44,29.11,0.42,15.96,15.38,62.44,7.23
-97.663935,30.290635,2004,8,18,231,2004-08-18,13.49,27.56,23,2.58,2.1,18.44,29.11,0.42,15.96,15.38,62.44,7.23
-97.79909,30.232228,2004,8,18,231,2004-08-18,14.59,27.23,23.51,2.4,2.1,19.79,28.55,0.42,15.96,13.95,67.62,7.23
-97.742558,30.211752,2004,8,18,231,2004-08-18,14.59,27.23,23.51,2.4,2.1,19.79,28.55,0.42,15.96,13.95,67.62,7.23
-97.681184,30.304735,2004,8,18,231,2004-08-18,13.49,27.56,23,2.58,2.1,18.44,29.11,0.42,15.96,15.38,62.44,7.23
-97.724217,30.213399,2004,8,18,231,2004-08-18,14.59,27.23,23.51,2.4,2.1,19.79,28.55,0.42,15.96,13.95,67.62,7.23
-97.757587,30.221533,2004,8,18,231,2004-08-18,14.59,27.23,23.51,2.4,2.1,19.79,28.55,0.42,15.96,13.95,67.62,7.23
-97.703897,30.286702,2004,8,18,231,2004-08-18,13.49,27.56,23,2.58,2.1,18.44,29.11,0.42,15.96,15.38,62.44,7.23
-97.778433,30.193967,2004,8,18,231,2004-08-18,14.59,27.23,23.51,2.4,2.1,19.79,28.55,0.42,15.96,13.95,67.62,7.23
-97.737611,30.211212,2004,8,18,231,2004-08-18,14.59,27.23,23.51,2.4,2.1,19.79,28.55,0.42,15.96,13.95,67.62,7.23
-97.801317,30.354163,2004,8,18,231,2004-08-18,13.49,27.56,23,2.58,2.1,18.44,29.11,0.42,15.96,15.38,62.44,7.23
-97.759233,30.431561,2004,8,18,231,2004-08-18,13.49,27.56,23,2.58,2.1,18.44,29.11,0.42,15.96,15.38,62.44,7.23
-97.769595,30.223663,2004,8,18,231,2004-08-18,14.59,27.23,23.51,2.4,2.1,19.79,28.55,0.42,15.96,13.95,67.62,7.23
-97.733546,30.264404,2004,8,18,231,2004-08-18,13.49,27.56,23,2.58,2.1,18.44,29.11,0.42,15.96,15.38,62.44,7.23
-97.669878,30.276593,2004,8,18,231,2004-08-18,13.49,27.56,23,2.58,2.1,18.44,29.11,0.42,15.96,15.38,62.44,7.23
-97.742302,30.269459,2004,8,18,231,2004-08-18,13.49,27.56,23,2.58,2.1,18.44,29.11,0.42,15.96,15.38,62.44,7.23
-97.745958,30.300684,2004,8,18,231,2004-08-18,13.49,27.56,23,2.58,2.1,18.44,29.11,0.42,15.96,15.38,62.44,7.23
-97.721163,30.334163,2004,8,18,231,2004-08-18,13.49,27.56,23,2.58,2.1,18.44,29.11,0.42,15.96,15.38,62.44,7.23
-97.746801,30.299282,2004,8,18,231,2004-08-18,13.49,27.56,23,2.58,2.1,18.44,29.11,0.42,15.96,15.38,62.44,7.23
-97.6667,30.28026,2004,8,18,231,2004-08-18,13.49,27.56,23,2.58,2.1,18.44,29.11,0.42,15.96,15.38,62.44,7.23
-97.711223,30.204407,2004,8,18,231,2004-08-18,14.59,27.23,23.51,2.4,2.1,19.79,28.55,0.42,15.96,13.95,67.62,7.23
-97.739945,30.266226,2004,8,18,231,2004-08-18,13.49,27.56,23,2.58,2.1,18.44,29.11,0.42,15.96,15.38,62.44,7.23
-97.730908,30.263552,2004,8,18,231,2004-08-18,13.49,27.56,23,2.58,2.1,18.44,29.11,0.42,15.96,15.38,62.44,7.23
-97.742141,30.262711,2004,8,18,231,2004-08-18,13.49,27.56,23,2.58,2.1,18.44,29.11,0.42,15.96,15.38,62.44,7.23
-97.742069,30.263721,2004,8,18,231,2004-08-18,13.49,27.56,23,2.58,2.1,18.44,29.11,0.42,15.96,15.38,62.44,7.23
-97.810066,30.255443,2004,8,18,231,2004-08-18,13.49,27.56,23,2.58,2.1,18.44,29.11,0.42,15.96,15.38,62.44,7.23
-97.720287,30.333537,2004,8,18,231,2004-08-18,13.49,27.56,23,2.58,2.1,18.44,29.11,0.42,15.96,15.38,62.44,7.23
-97.704221,30.401258,2004,8,18,231,2004-08-18,13.49,27.56,23,2.58,2.1,18.44,29.11,0.42,15.96,15.38,62.44,7.23
-97.722514,30.455024,2004,8,18,231,2004-08-18,13.49,27.56,23,2.58,2.1,18.44,29.11,0.42,15.96,15.38,62.44,7.23
-97.705235,30.185961,2004,8,18,231,2004-08-18,14.59,27.23,23.51,2.4,2.1,19.79,28.55,0.42,15.96,13.95,67.62,7.23
-97.741333,30.264899,2004,8,18,231,2004-08-18,13.49,27.56,23,2.58,2.1,18.44,29.11,0.42,15.96,15.38,62.44,7.23
-97.780371,30.183214,2004,8,18,231,2004-08-18,14.59,27.23,23.51,2.4,2.1,19.79,28.55,0.42,15.96,13.95,67.62,7.23
-97.756211,30.352537,2004,8,18,231,2004-08-18,13.49,27.56,23,2.58,2.1,18.44,29.11,0.42,15.96,15.38,62.44,7.23
-97.709602,30.215421,2004,8,18,231,2004-08-18,14.59,27.23,23.51,2.4,2.1,19.79,28.55,0.42,15.96,13.95,67.62,7.23
-97.743104,30.21,2004,8,18,231,2004-08-18,14.59,27.23,23.51,2.4,2.1,19.79,28.55,0.42,15.96,13.95,67.62,7.23
-97.843931,30.245033,2004,8,18,231,2004-08-18,14.34,27.09,23.19,2.7,2.1,19.3,28.58,0.42,15.96,12.88,65.75,7.23
-97.734483,30.29022,2004,8,18,231,2004-08-18,13.49,27.56,23,2.58,2.1,18.44,29.11,0.42,15.96,15.38,62.44,7.23
-97.730507,30.214197,2004,8,18,231,2004-08-18,14.59,27.23,23.51,2.4,2.1,19.79,28.55,0.42,15.96,13.95,67.62,7.23
-97.783882,30.242498,2004,8,18,231,2004-08-18,14.59,27.23,23.51,2.4,2.1,19.79,28.55,0.42,15.96,13.95,67.62,7.23
-97.711356,30.204284,2004,8,18,231,2004-08-18,14.59,27.23,23.51,2.4,2.1,19.79,28.55,0.42,15.96,13.95,67.62,7.23
-97.730611,30.209132,2004,8,18,231,2004-08-18,14.59,27.23,23.51,2.4,2.1,19.79,28.55,0.42,15.96,13.95,67.62,7.23
-97.756241,30.336844,2004,8,18,231,2004-08-18,13.49,27.56,23,2.58,2.1,18.44,29.11,0.42,15.96,15.38,62.44,7.23
-97.833749,30.177848,2004,8,18,231,2004-08-18,14.34,27.09,23.19,2.7,2.1,19.3,28.58,0.42,15.96,12.88,65.75,7.23
-97.72972,30.30276,2004,8,18,231,2004-08-18,13.49,27.56,23,2.58,2.1,18.44,29.11,0.42,15.96,15.38,62.44,7.23
-97.703778,30.205691,2004,8,18,231,2004-08-18,14.59,27.23,23.51,2.4,2.1,19.79,28.55,0.42,15.96,13.95,67.62,7.23
-97.666211,30.308952,2004,8,18,231,2004-08-18,13.49,27.56,23,2.58,2.1,18.44,29.11,0.42,15.96,15.38,62.44,7.23
-97.708313,30.29687,2004,8,18,231,2004-08-18,13.49,27.56,23,2.58,2.1,18.44,29.11,0.42,15.96,15.38,62.44,7.23
-97.810066,30.255443,2004,8,18,231,2004-08-18,13.49,27.56,23,2.58,2.1,18.44,29.11,0.42,15.96,15.38,62.44,7.23
-97.880052,30.201123,2004,8,18,231,2004-08-18,14.34,27.09,23.19,2.7,2.1,19.3,28.58,0.42,15.96,12.88,65.75,7.23
-97.727079,30.293312,2004,8,18,231,2004-08-18,13.49,27.56,23,2.58,2.1,18.44,29.11,0.42,15.96,15.38,62.44,7.23
-97.881492,30.192193,2004,8,18,231,2004-08-18,14.34,27.09,23.19,2.7,2.1,19.3,28.58,0.42,15.96,12.88,65.75,7.23
-97.715539,30.207299,2004,8,18,231,2004-08-18,14.59,27.23,23.51,2.4,2.1,19.79,28.55,0.42,15.96,13.95,67.62,7.23
-97.728709,30.207396,2004,8,18,231,2004-08-18,14.59,27.23,23.51,2.4,2.1,19.79,28.55,0.42,15.96,13.95,67.62,7.23
-97.878534,30.203667,2004,8,18,231,2004-08-18,14.34,27.09,23.19,2.7,2.1,19.3,28.58,0.42,15.96,12.88,65.75,7.23
-97.705235,30.185961,2004,8,18,231,2004-08-18,14.59,27.23,23.51,2.4,2.1,19.79,28.55,0.42,15.96,13.95,67.62,7.23
-97.747867,30.247221,2004,8,18,231,2004-08-18,14.59,27.23,23.51,2.4,2.1,19.79,28.55,0.42,15.96,13.95,67.62,7.23
-97.753424,30.272596,2004,8,18,231,2004-08-18,13.49,27.56,23,2.58,2.1,18.44,29.11,0.42,15.96,15.38,62.44,7.23
-97.719672,30.401684,2004,8,18,231,2004-08-18,13.49,27.56,23,2.58,2.1,18.44,29.11,0.42,15.96,15.38,62.44,7.23
-97.759688,30.22522,2004,8,18,231,2004-08-18,14.59,27.23,23.51,2.4,2.1,19.79,28.55,0.42,15.96,13.95,67.62,7.23
-97.799769,30.233171,2004,8,18,231,2004-08-18,14.59,27.23,23.51,2.4,2.1,19.79,28.55,0.42,15.96,13.95,67.62,7.23
-97.681135,30.314462,2004,8,18,231,2004-08-18,13.49,27.56,23,2.58,2.1,18.44,29.11,0.42,15.96,15.38,62.44,7.23
-97.658987,30.332701,2004,8,18,231,2004-08-18,13.49,27.56,23,2.58,2.1,18.44,29.11,0.42,15.96,15.38,62.44,7.23
-97.702832,30.253751,2004,8,18,231,2004-08-18,13.49,27.56,23,2.58,2.1,18.44,29.11,0.42,15.96,15.38,62.44,7.23
-97.717466,30.42654,2004,8,18,231,2004-08-18,13.49,27.56,23,2.58,2.1,18.44,29.11,0.42,15.96,15.38,62.44,7.23
-97.748611,30.211638,2004,8,18,231,2004-08-18,14.59,27.23,23.51,2.4,2.1,19.79,28.55,0.42,15.96,13.95,67.62,7.23
-97.730258,30.380312,2004,8,18,231,2004-08-18,13.49,27.56,23,2.58,2.1,18.44,29.11,0.42,15.96,15.38,62.44,7.23
-97.721578,30.378795,2004,8,18,231,2004-08-18,13.49,27.56,23,2.58,2.1,18.44,29.11,0.42,15.96,15.38,62.44,7.23
-97.740984,30.360107,2004,8,18,231,2004-08-18,13.49,27.56,23,2.58,2.1,18.44,29.11,0.42,15.96,15.38,62.44,7.23
-97.745055,30.189702,2004,8,18,231,2004-08-18,14.59,27.23,23.51,2.4,2.1,19.79,28.55,0.42,15.96,13.95,67.62,7.23
-97.742483,30.361276,2004,8,18,231,2004-08-18,13.49,27.56,23,2.58,2.1,18.44,29.11,0.42,15.96,15.38,62.44,7.23
-97.742097,30.252394,2004,8,18,231,2004-08-18,13.49,27.56,23,2.58,2.1,18.44,29.11,0.42,15.96,15.38,62.44,7.23
-97.658841,30.418076,2004,8,18,231,2004-08-18,13.49,27.56,23,2.58,2.1,18.44,29.11,0.42,15.96,15.38,62.44,7.23
-97.7268,30.400545,2004,8,18,231,2004-08-18,13.49,27.56,23,2.58,2.1,18.44,29.11,0.42,15.96,15.38,62.44,7.23
-97.734501,30.269862,2004,8,18,231,2004-08-18,13.49,27.56,23,2.58,2.1,18.44,29.11,0.42,15.96,15.38,62.44,7.23
-97.712704,30.258297,2004,8,18,231,2004-08-18,13.49,27.56,23,2.58,2.1,18.44,29.11,0.42,15.96,15.38,62.44,7.23
-97.756258,30.227797,2004,8,18,231,2004-08-18,14.59,27.23,23.51,2.4,2.1,19.79,28.55,0.42,15.96,13.95,67.62,7.23
-97.695654,30.249931,2004,8,18,231,2004-08-18,14.59,27.23,23.51,2.4,2.1,19.79,28.55,0.42,15.96,13.95,67.62,7.23
-97.751457,30.305365,2004,8,18,231,2004-08-18,13.49,27.56,23,2.58,2.1,18.44,29.11,0.42,15.96,15.38,62.44,7.23
-97.715259,30.245534,2004,8,18,231,2004-08-18,14.59,27.23,23.51,2.4,2.1,19.79,28.55,0.42,15.96,13.95,67.62,7.23
-97.706726,30.334035,2004,8,18,231,2004-08-18,13.49,27.56,23,2.58,2.1,18.44,29.11,0.42,15.96,15.38,62.44,7.23
-97.735103,30.349253,2004,8,18,231,2004-08-18,13.49,27.56,23,2.58,2.1,18.44,29.11,0.42,15.96,15.38,62.44,7.23
-97.758171,30.215256,2004,8,18,231,2004-08-18,14.59,27.23,23.51,2.4,2.1,19.79,28.55,0.42,15.96,13.95,67.62,7.23
-97.749224,30.305798,2004,8,18,231,2004-08-18,13.49,27.56,23,2.58,2.1,18.44,29.11,0.42,15.96,15.38,62.44,7.23
-97.714987,30.207919,2004,8,18,231,2004-08-18,14.59,27.23,23.51,2.4,2.1,19.79,28.55,0.42,15.96,13.95,67.62,7.23
-97.66959,30.26937,2004,8,18,231,2004-08-18,13.49,27.56,23,2.58,2.1,18.44,29.11,0.42,15.96,15.38,62.44,7.23
-97.74102,30.211133,2004,8,18,231,2004-08-18,14.59,27.23,23.51,2.4,2.1,19.79,28.55,0.42,15.96,13.95,67.62,7.23
-97.621201,30.172525,2004,8,18,231,2004-08-18,14.59,27.23,23.51,2.4,2.1,19.79,28.55,0.42,15.96,13.95,67.62,7.23
-97.747362,30.255826,2004,8,18,231,2004-08-18,13.49,27.56,23,2.58,2.1,18.44,29.11,0.42,15.96,15.38,62.44,7.23
-97.738945,30.338994,2004,8,18,231,2004-08-18,13.49,27.56,23,2.58,2.1,18.44,29.11,0.42,15.96,15.38,62.44,7.23
-97.863812,30.199506,2004,8,18,231,2004-08-18,14.34,27.09,23.19,2.7,2.1,19.3,28.58,0.42,15.96,12.88,65.75,7.23
-97.739851,30.374004,2004,8,18,231,2004-08-18,13.49,27.56,23,2.58,2.1,18.44,29.11,0.42,15.96,15.38,62.44,7.23
-97.747892,30.26846,2004,8,18,231,2004-08-18,13.49,27.56,23,2.58,2.1,18.44,29.11,0.42,15.96,15.38,62.44,7.23
-97.705871,30.251864,2004,8,18,231,2004-08-18,13.49,27.56,23,2.58,2.1,18.44,29.11,0.42,15.96,15.38,62.44,7.23
-97.7068,30.307037,2004,8,18,231,2004-08-18,13.49,27.56,23,2.58,2.1,18.44,29.11,0.42,15.96,15.38,62.44,7.23
-97.669631,30.276467,2004,8,18,231,2004-08-18,13.49,27.56,23,2.58,2.1,18.44,29.11,0.42,15.96,15.38,62.44,7.23
-97.733688,30.214093,2004,8,18,231,2004-08-18,14.59,27.23,23.51,2.4,2.1,19.79,28.55,0.42,15.96,13.95,67.62,7.23
-97.763556,30.376236,2004,8,18,231,2004-08-18,13.49,27.56,23,2.58,2.1,18.44,29.11,0.42,15.96,15.38,62.44,7.23
-97.748153,30.354368,2004,8,18,231,2004-08-18,13.49,27.56,23,2.58,2.1,18.44,29.11,0.42,15.96,15.38,62.44,7.23
-97.759821,30.224902,2004,8,18,231,2004-08-18,14.59,27.23,23.51,2.4,2.1,19.79,28.55,0.42,15.96,13.95,67.62,7.23
-97.829854,30.228522,2004,8,18,231,2004-08-18,14.34,27.09,23.19,2.7,2.1,19.3,28.58,0.42,15.96,12.88,65.75,7.23
-97.70619,30.19611,2004,8,18,231,2004-08-18,14.59,27.23,23.51,2.4,2.1,19.79,28.55,0.42,15.96,13.95,67.62,7.23
-97.884532,30.381302,2004,8,18,231,2004-08-18,13.49,27.26,22.72,2.74,2.1,18.17,28.74,0.42,15.96,14.34,61.56,7.23
-97.732708,30.211095,2004,8,18,231,2004-08-18,14.59,27.23,23.51,2.4,2.1,19.79,28.55,0.42,15.96,13.95,67.62,7.23
-97.753187,30.204435,2004,8,18,231,2004-08-18,14.59,27.23,23.51,2.4,2.1,19.79,28.55,0.42,15.96,13.95,67.62,7.23
-97.740518,30.265372,2004,8,18,231,2004-08-18,13.49,27.56,23,2.58,2.1,18.44,29.11,0.42,15.96,15.38,62.44,7.23
-97.718056,30.339076,2004,8,18,231,2004-08-18,13.49,27.56,23,2.58,2.1,18.44,29.11,0.42,15.96,15.38,62.44,7.23
-97.678075,30.34449,2004,8,18,231,2004-08-18,13.49,27.56,23,2.58,2.1,18.44,29.11,0.42,15.96,15.38,62.44,7.23
-97.671244,30.207826,2004,8,18,231,2004-08-18,14.59,27.23,23.51,2.4,2.1,19.79,28.55,0.42,15.96,13.95,67.62,7.23
-97.805942,30.206831,2004,8,18,231,2004-08-18,14.59,27.23,23.51,2.4,2.1,19.79,28.55,0.42,15.96,13.95,67.62,7.23
-97.729628,30.38,2004,8,18,231,2004-08-18,13.49,27.56,23,2.58,2.1,18.44,29.11,0.42,15.96,15.38,62.44,7.23
-97.757966,30.225576,2004,8,18,231,2004-08-18,14.59,27.23,23.51,2.4,2.1,19.79,28.55,0.42,15.96,13.95,67.62,7.23
-97.749861,30.267972,2004,8,18,231,2004-08-18,13.49,27.56,23,2.58,2.1,18.44,29.11,0.42,15.96,15.38,62.44,7.23
-97.800817,30.370209,2004,8,18,231,2004-08-18,13.49,27.56,23,2.58,2.1,18.44,29.11,0.42,15.96,15.38,62.44,7.23
-97.668999,30.276153,2004,8,18,231,2004-08-18,13.49,27.56,23,2.58,2.1,18.44,29.11,0.42,15.96,15.38,62.44,7.23
-97.7057,30.196565,2004,8,18,231,2004-08-18,14.59,27.23,23.51,2.4,2.1,19.79,28.55,0.42,15.96,13.95,67.62,7.23
-97.789859,30.22752,2004,8,18,231,2004-08-18,14.59,27.23,23.51,2.4,2.1,19.79,28.55,0.42,15.96,13.95,67.62,7.23
-97.708944,30.297955,2004,8,18,231,2004-08-18,13.49,27.56,23,2.58,2.1,18.44,29.11,0.42,15.96,15.38,62.44,7.23
-97.759277,30.330602,2004,8,18,231,2004-08-18,13.49,27.56,23,2.58,2.1,18.44,29.11,0.42,15.96,15.38,62.44,7.23
-97.671892,30.267335,2004,8,18,231,2004-08-18,13.49,27.56,23,2.58,2.1,18.44,29.11,0.42,15.96,15.38,62.44,7.23
-97.681135,30.314462,2004,8,18,231,2004-08-18,13.49,27.56,23,2.58,2.1,18.44,29.11,0.42,15.96,15.38,62.44,7.23
-97.732243,30.432211,2004,8,18,231,2004-08-18,13.49,27.56,23,2.58,2.1,18.44,29.11,0.42,15.96,15.38,62.44,7.23
-97.659381,30.403167,2004,8,18,231,2004-08-18,13.49,27.56,23,2.58,2.1,18.44,29.11,0.42,15.96,15.38,62.44,7.23
-97.73699,30.271595,2004,8,18,231,2004-08-18,13.49,27.56,23,2.58,2.1,18.44,29.11,0.42,15.96,15.38,62.44,7.23
-97.728728,30.288852,2004,8,18,231,2004-08-18,13.49,27.56,23,2.58,2.1,18.44,29.11,0.42,15.96,15.38,62.44,7.23
-97.726228,30.288881,2004,8,18,231,2004-08-18,13.49,27.56,23,2.58,2.1,18.44,29.11,0.42,15.96,15.38,62.44,7.23
-97.831231,30.18872,2004,8,18,231,2004-08-18,14.34,27.09,23.19,2.7,2.1,19.3,28.58,0.42,15.96,12.88,65.75,7.23
-97.69594,30.194085,2004,8,18,231,2004-08-18,14.59,27.23,23.51,2.4,2.1,19.79,28.55,0.42,15.96,13.95,67.62,7.23
-97.714973,30.204753,2004,8,18,231,2004-08-18,14.59,27.23,23.51,2.4,2.1,19.79,28.55,0.42,15.96,13.95,67.62,7.23
-97.734033,30.210055,2004,8,18,231,2004-08-18,14.59,27.23,23.51,2.4,2.1,19.79,28.55,0.42,15.96,13.95,67.62,7.23
-97.74364,30.312212,2004,8,18,231,2004-08-18,13.49,27.56,23,2.58,2.1,18.44,29.11,0.42,15.96,15.38,62.44,7.23
-97.730583,30.211695,2004,8,18,231,2004-08-18,14.59,27.23,23.51,2.4,2.1,19.79,28.55,0.42,15.96,13.95,67.62,7.23
-97.731759,30.303394,2004,8,18,231,2004-08-18,13.49,27.56,23,2.58,2.1,18.44,29.11,0.42,15.96,15.38,62.44,7.23
-97.678238,30.333639,2004,8,18,231,2004-08-18,13.49,27.56,23,2.58,2.1,18.44,29.11,0.42,15.96,15.38,62.44,7.23
-97.704957,30.302549,2004,8,18,231,2004-08-18,13.49,27.56,23,2.58,2.1,18.44,29.11,0.42,15.96,15.38,62.44,7.23
-97.744541,30.164857,2004,8,18,231,2004-08-18,14.59,27.23,23.51,2.4,2.1,19.79,28.55,0.42,15.96,13.95,67.62,7.23
-97.739443,30.318803,2004,8,18,231,2004-08-18,13.49,27.56,23,2.58,2.1,18.44,29.11,0.42,15.96,15.38,62.44,7.23
-97.759161,30.356286,2004,8,18,231,2004-08-18,13.49,27.56,23,2.58,2.1,18.44,29.11,0.42,15.96,15.38,62.44,7.23
-97.754536,30.341357,2004,8,18,231,2004-08-18,13.49,27.56,23,2.58,2.1,18.44,29.11,0.42,15.96,15.38,62.44,7.23
-97.7258,30.3742,2004,8,18,231,2004-08-18,13.49,27.56,23,2.58,2.1,18.44,29.11,0.42,15.96,15.38,62.44,7.23
-97.759971,30.224554,2004,8,18,231,2004-08-18,14.59,27.23,23.51,2.4,2.1,19.79,28.55,0.42,15.96,13.95,67.62,7.23
-97.731903,30.211291,2004,8,18,231,2004-08-18,14.59,27.23,23.51,2.4,2.1,19.79,28.55,0.42,15.96,13.95,67.62,7.23
-97.753644,30.22651,2004,8,18,231,2004-08-18,14.59,27.23,23.51,2.4,2.1,19.79,28.55,0.42,15.96,13.95,67.62,7.23
-97.742443,30.401425,2004,8,18,231,2004-08-18,13.49,27.56,23,2.58,2.1,18.44,29.11,0.42,15.96,15.38,62.44,7.23
-97.754314,30.341709,2004,8,18,231,2004-08-18,13.49,27.56,23,2.58,2.1,18.44,29.11,0.42,15.96,15.38,62.44,7.23
-97.797771,30.215236,2004,8,18,231,2004-08-18,14.59,27.23,23.51,2.4,2.1,19.79,28.55,0.42,15.96,13.95,67.62,7.23
-97.742044,30.428454,2004,8,18,231,2004-08-18,13.49,27.56,23,2.58,2.1,18.44,29.11,0.42,15.96,15.38,62.44,7.23
-97.868485,30.201062,2004,8,18,231,2004-08-18,14.34,27.09,23.19,2.7,2.1,19.3,28.58,0.42,15.96,12.88,65.75,7.23
-97.767578,30.45599,2004,8,18,231,2004-08-18,13.49,27.56,23,2.58,2.1,18.44,29.11,0.42,15.96,15.38,62.44,7.23
-97.67334,30.31435,2004,8,18,231,2004-08-18,13.49,27.56,23,2.58,2.1,18.44,29.11,0.42,15.96,15.38,62.44,7.23
-97.739735,30.326608,2004,8,18,231,2004-08-18,13.49,27.56,23,2.58,2.1,18.44,29.11,0.42,15.96,15.38,62.44,7.23
-97.718102,30.325756,2004,8,18,231,2004-08-18,13.49,27.56,23,2.58,2.1,18.44,29.11,0.42,15.96,15.38,62.44,7.23
-97.757358,30.218446,2004,8,18,231,2004-08-18,14.59,27.23,23.51,2.4,2.1,19.79,28.55,0.42,15.96,13.95,67.62,7.23
-97.671694,30.274419,2004,8,18,231,2004-08-18,13.49,27.56,23,2.58,2.1,18.44,29.11,0.42,15.96,15.38,62.44,7.23
-97.71843,30.368496,2004,8,18,231,2004-08-18,13.49,27.56,23,2.58,2.1,18.44,29.11,0.42,15.96,15.38,62.44,7.23
-97.711868,30.203116,2004,8,18,231,2004-08-18,14.59,27.23,23.51,2.4,2.1,19.79,28.55,0.42,15.96,13.95,67.62,7.23
-97.795469,30.271664,2004,8,18,231,2004-08-18,13.49,27.56,23,2.58,2.1,18.44,29.11,0.42,15.96,15.38,62.44,7.23
-97.73514,30.3037,2004,8,18,231,2004-08-18,13.49,27.56,23,2.58,2.1,18.44,29.11,0.42,15.96,15.38,62.44,7.23
-97.736864,30.372865,2004,8,18,231,2004-08-18,13.49,27.56,23,2.58,2.1,18.44,29.11,0.42,15.96,15.38,62.44,7.23
-97.762362,30.225723,2004,8,18,231,2004-08-18,14.59,27.23,23.51,2.4,2.1,19.79,28.55,0.42,15.96,13.95,67.62,7.23
-97.705235,30.185961,2004,8,18,231,2004-08-18,14.59,27.23,23.51,2.4,2.1,19.79,28.55,0.42,15.96,13.95,67.62,7.23
-97.733414,30.398598,2004,8,18,231,2004-08-18,13.49,27.56,23,2.58,2.1,18.44,29.11,0.42,15.96,15.38,62.44,7.23
-97.706314,30.254959,2004,8,18,231,2004-08-18,13.49,27.56,23,2.58,2.1,18.44,29.11,0.42,15.96,15.38,62.44,7.23
-97.6663,30.421912,2004,8,18,231,2004-08-18,13.49,27.56,23,2.58,2.1,18.44,29.11,0.42,15.96,15.38,62.44,7.23
-97.711468,30.346515,2004,8,18,231,2004-08-18,13.49,27.56,23,2.58,2.1,18.44,29.11,0.42,15.96,15.38,62.44,7.23
-97.733164,30.369642,2004,8,18,231,2004-08-18,13.49,27.56,23,2.58,2.1,18.44,29.11,0.42,15.96,15.38,62.44,7.23
-97.799033,30.229414,2004,8,18,231,2004-08-18,14.59,27.23,23.51,2.4,2.1,19.79,28.55,0.42,15.96,13.95,67.62,7.23
-97.740382,30.399574,2004,8,18,231,2004-08-18,13.49,27.56,23,2.58,2.1,18.44,29.11,0.42,15.96,15.38,62.44,7.23
-97.715421,30.213173,2004,8,18,231,2004-08-18,14.59,27.23,23.51,2.4,2.1,19.79,28.55,0.42,15.96,13.95,67.62,7.23
-97.756278,30.388237,2004,8,18,231,2004-08-18,13.49,27.56,23,2.58,2.1,18.44,29.11,0.42,15.96,15.38,62.44,7.23
-97.689638,30.306645,2004,8,18,231,2004-08-18,13.49,27.56,23,2.58,2.1,18.44,29.11,0.42,15.96,15.38,62.44,7.23
-97.70599,30.41659,2004,8,18,231,2004-08-18,13.49,27.56,23,2.58,2.1,18.44,29.11,0.42,15.96,15.38,62.44,7.23
-97.749612,30.258388,2004,8,18,231,2004-08-18,13.49,27.56,23,2.58,2.1,18.44,29.11,0.42,15.96,15.38,62.44,7.23
-97.786071,30.1964,2004,8,18,231,2004-08-18,14.59,27.23,23.51,2.4,2.1,19.79,28.55,0.42,15.96,13.95,67.62,7.23
-97.775483,30.222882,2004,8,18,231,2004-08-18,14.59,27.23,23.51,2.4,2.1,19.79,28.55,0.42,15.96,13.95,67.62,7.23
-97.759464,30.332603,2004,8,18,231,2004-08-18,13.49,27.56,23,2.58,2.1,18.44,29.11,0.42,15.96,15.38,62.44,7.23
-97.676566,30.338632,2004,8,18,231,2004-08-18,13.49,27.56,23,2.58,2.1,18.44,29.11,0.42,15.96,15.38,62.44,7.23
-97.698125,30.255645,2004,8,18,231,2004-08-18,13.49,27.56,23,2.58,2.1,18.44,29.11,0.42,15.96,15.38,62.44,7.23
-97.726877,30.210477,2004,8,18,231,2004-08-18,14.59,27.23,23.51,2.4,2.1,19.79,28.55,0.42,15.96,13.95,67.62,7.23
-97.744361,30.418621,2004,8,18,231,2004-08-18,13.49,27.56,23,2.58,2.1,18.44,29.11,0.42,15.96,15.38,62.44,7.23
-97.71484,30.319034,2004,8,18,231,2004-08-18,13.49,27.56,23,2.58,2.1,18.44,29.11,0.42,15.96,15.38,62.44,7.23
-97.697084,30.337909,2004,8,18,231,2004-08-18,13.49,27.56,23,2.58,2.1,18.44,29.11,0.42,15.96,15.38,62.44,7.23
-97.738003,30.26749,2004,8,18,231,2004-08-18,13.49,27.56,23,2.58,2.1,18.44,29.11,0.42,15.96,15.38,62.44,7.23
-97.758795,30.353423,2004,8,18,231,2004-08-18,13.49,27.56,23,2.58,2.1,18.44,29.11,0.42,15.96,15.38,62.44,7.23
-97.770689,30.342816,2004,8,18,231,2004-08-18,13.49,27.56,23,2.58,2.1,18.44,29.11,0.42,15.96,15.38,62.44,7.23
-97.840675,30.243429,2004,8,18,231,2004-08-18,14.34,27.09,23.19,2.7,2.1,19.3,28.58,0.42,15.96,12.88,65.75,7.23
-97.719077,30.338552,2004,8,18,231,2004-08-18,13.49,27.56,23,2.58,2.1,18.44,29.11,0.42,15.96,15.38,62.44,7.23
-97.753644,30.22651,2004,8,18,231,2004-08-18,14.59,27.23,23.51,2.4,2.1,19.79,28.55,0.42,15.96,13.95,67.62,7.23
-97.745913,30.28409,2004,8,18,231,2004-08-18,13.49,27.56,23,2.58,2.1,18.44,29.11,0.42,15.96,15.38,62.44,7.23
-97.727598,30.323924,2004,8,18,231,2004-08-18,13.49,27.56,23,2.58,2.1,18.44,29.11,0.42,15.96,15.38,62.44,7.23
-97.758795,30.353423,2004,8,18,231,2004-08-18,13.49,27.56,23,2.58,2.1,18.44,29.11,0.42,15.96,15.38,62.44,7.23
-97.685446,30.383603,2004,8,18,231,2004-08-18,13.49,27.56,23,2.58,2.1,18.44,29.11,0.42,15.96,15.38,62.44,7.23
-97.736326,30.390347,2004,8,18,231,2004-08-18,13.49,27.56,23,2.58,2.1,18.44,29.11,0.42,15.96,15.38,62.44,7.23
-97.74432,30.305034,2004,8,18,231,2004-08-18,13.49,27.56,23,2.58,2.1,18.44,29.11,0.42,15.96,15.38,62.44,7.23
-97.761298,30.214693,2004,8,18,231,2004-08-18,14.59,27.23,23.51,2.4,2.1,19.79,28.55,0.42,15.96,13.95,67.62,7.23
-97.721516,30.456059,2004,8,18,231,2004-08-18,13.49,27.56,23,2.58,2.1,18.44,29.11,0.42,15.96,15.38,62.44,7.23
-97.728786,30.377548,2004,8,18,231,2004-08-18,13.49,27.56,23,2.58,2.1,18.44,29.11,0.42,15.96,15.38,62.44,7.23
-97.848044,30.390778,2004,8,18,231,2004-08-18,13.49,27.26,22.72,2.74,2.1,18.17,28.74,0.42,15.96,14.34,61.56,7.23
-97.68363,30.380289,2004,8,18,231,2004-08-18,13.49,27.56,23,2.58,2.1,18.44,29.11,0.42,15.96,15.38,62.44,7.23
-97.713791,30.2831,2004,8,18,231,2004-08-18,13.49,27.56,23,2.58,2.1,18.44,29.11,0.42,15.96,15.38,62.44,7.23
-97.850257,30.183829,2004,8,18,231,2004-08-18,14.34,27.09,23.19,2.7,2.1,19.3,28.58,0.42,15.96,12.88,65.75,7.23
-97.711798,30.203874,2004,8,18,231,2004-08-18,14.59,27.23,23.51,2.4,2.1,19.79,28.55,0.42,15.96,13.95,67.62,7.23
-97.748453,30.357607,2004,8,18,231,2004-08-18,13.49,27.56,23,2.58,2.1,18.44,29.11,0.42,15.96,15.38,62.44,7.23
-97.833776,30.21187,2004,8,18,231,2004-08-18,14.34,27.09,23.19,2.7,2.1,19.3,28.58,0.42,15.96,12.88,65.75,7.23
-97.712506,30.319323,2004,8,18,231,2004-08-18,13.49,27.56,23,2.58,2.1,18.44,29.11,0.42,15.96,15.38,62.44,7.23
-97.732977,30.275055,2004,8,18,231,2004-08-18,13.49,27.56,23,2.58,2.1,18.44,29.11,0.42,15.96,15.38,62.44,7.23
-97.727017,30.213706,2004,8,18,231,2004-08-18,14.59,27.23,23.51,2.4,2.1,19.79,28.55,0.42,15.96,13.95,67.62,7.23
-97.742271,30.296234,2004,8,18,231,2004-08-18,13.49,27.56,23,2.58,2.1,18.44,29.11,0.42,15.96,15.38,62.44,7.23
-97.749511,30.268922,2004,8,18,231,2004-08-18,13.49,27.56,23,2.58,2.1,18.44,29.11,0.42,15.96,15.38,62.44,7.23
-97.781597,30.375282,2004,8,18,231,2004-08-18,13.49,27.56,23,2.58,2.1,18.44,29.11,0.42,15.96,15.38,62.44,7.23
-97.743515,30.266087,2004,8,18,231,2004-08-18,13.49,27.56,23,2.58,2.1,18.44,29.11,0.42,15.96,15.38,62.44,7.23
-97.751398,30.351494,2004,8,18,231,2004-08-18,13.49,27.56,23,2.58,2.1,18.44,29.11,0.42,15.96,15.38,62.44,7.23
-97.756258,30.227797,2004,8,18,231,2004-08-18,14.59,27.23,23.51,2.4,2.1,19.79,28.55,0.42,15.96,13.95,67.62,7.23
-97.693802,30.370544,2004,8,18,231,2004-08-18,13.49,27.56,23,2.58,2.1,18.44,29.11,0.42,15.96,15.38,62.44,7.23
-97.739948,30.334115,2004,8,18,231,2004-08-18,13.49,27.56,23,2.58,2.1,18.44,29.11,0.42,15.96,15.38,62.44,7.23
-97.711484,30.199076,2004,8,18,231,2004-08-18,14.59,27.23,23.51,2.4,2.1,19.79,28.55,0.42,15.96,13.95,67.62,7.23
-97.742567,30.187378,2004,8,18,231,2004-08-18,14.59,27.23,23.51,2.4,2.1,19.79,28.55,0.42,15.96,13.95,67.62,7.23
-97.736208,30.374402,2004,8,18,231,2004-08-18,13.49,27.56,23,2.58,2.1,18.44,29.11,0.42,15.96,15.38,62.44,7.23
-97.748383,30.266666,2004,8,18,231,2004-08-18,13.49,27.56,23,2.58,2.1,18.44,29.11,0.42,15.96,15.38,62.44,7.23
-97.747232,30.359454,2004,8,18,231,2004-08-18,13.49,27.56,23,2.58,2.1,18.44,29.11,0.42,15.96,15.38,62.44,7.23
-97.72921,30.206614,2004,8,18,231,2004-08-18,14.59,27.23,23.51,2.4,2.1,19.79,28.55,0.42,15.96,13.95,67.62,7.23
-97.829294,30.213219,2004,8,18,231,2004-08-18,14.34,27.09,23.19,2.7,2.1,19.3,28.58,0.42,15.96,12.88,65.75,7.23
-97.831659,30.239904,2004,8,18,231,2004-08-18,14.34,27.09,23.19,2.7,2.1,19.3,28.58,0.42,15.96,12.88,65.75,7.23
-97.696046,30.255684,2004,8,18,231,2004-08-18,13.49,27.56,23,2.58,2.1,18.44,29.11,0.42,15.96,15.38,62.44,7.23
-97.70079,30.255451,2004,8,18,231,2004-08-18,13.49,27.56,23,2.58,2.1,18.44,29.11,0.42,15.96,15.38,62.44,7.23
-97.746137,30.269432,2004,8,18,231,2004-08-18,13.49,27.56,23,2.58,2.1,18.44,29.11,0.42,15.96,15.38,62.44,7.23
-97.671558,30.277612,2004,8,18,231,2004-08-18,13.49,27.56,23,2.58,2.1,18.44,29.11,0.42,15.96,15.38,62.44,7.23
-97.732823,30.185636,2004,8,18,231,2004-08-18,14.59,27.23,23.51,2.4,2.1,19.79,28.55,0.42,15.96,13.95,67.62,7.23
-97.758701,30.337013,2004,8,18,231,2004-08-18,13.49,27.56,23,2.58,2.1,18.44,29.11,0.42,15.96,15.38,62.44,7.23
-97.791706,30.163267,2004,8,18,231,2004-08-18,14.59,27.23,23.51,2.4,2.1,19.79,28.55,0.42,15.96,13.95,67.62,7.23
-97.846119,30.232121,2004,8,18,231,2004-08-18,14.34,27.09,23.19,2.7,2.1,19.3,28.58,0.42,15.96,12.88,65.75,7.23
-97.719538,30.202484,2004,8,18,231,2004-08-18,14.59,27.23,23.51,2.4,2.1,19.79,28.55,0.42,15.96,13.95,67.62,7.23
-97.73474,30.270953,2004,8,18,231,2004-08-18,13.49,27.56,23,2.58,2.1,18.44,29.11,0.42,15.96,15.38,62.44,7.23
-97.763556,30.376236,2004,8,18,231,2004-08-18,13.49,27.56,23,2.58,2.1,18.44,29.11,0.42,15.96,15.38,62.44,7.23
-97.783255,30.291942,2004,8,18,231,2004-08-18,13.49,27.56,23,2.58,2.1,18.44,29.11,0.42,15.96,15.38,62.44,7.23
-97.758795,30.353423,2004,8,18,231,2004-08-18,13.49,27.56,23,2.58,2.1,18.44,29.11,0.42,15.96,15.38,62.44,7.23
-97.718869,30.213605,2004,8,18,231,2004-08-18,14.59,27.23,23.51,2.4,2.1,19.79,28.55,0.42,15.96,13.95,67.62,7.23
-97.785741,30.450753,2004,8,18,231,2004-08-18,13.49,27.56,23,2.58,2.1,18.44,29.11,0.42,15.96,15.38,62.44,7.23
-97.801317,30.354163,2004,8,18,231,2004-08-18,13.49,27.56,23,2.58,2.1,18.44,29.11,0.42,15.96,15.38,62.44,7.23
-97.756889,30.222528,2004,8,18,231,2004-08-18,14.59,27.23,23.51,2.4,2.1,19.79,28.55,0.42,15.96,13.95,67.62,7.23
-97.761668,30.219381,2004,8,18,231,2004-08-18,14.59,27.23,23.51,2.4,2.1,19.79,28.55,0.42,15.96,13.95,67.62,7.23
-97.709865,30.444365,2004,8,18,231,2004-08-18,13.49,27.56,23,2.58,2.1,18.44,29.11,0.42,15.96,15.38,62.44,7.23
-97.74194,30.417437,2004,8,18,231,2004-08-18,13.49,27.56,23,2.58,2.1,18.44,29.11,0.42,15.96,15.38,62.44,7.23
-97.738199,30.340525,2004,8,18,231,2004-08-18,13.49,27.56,23,2.58,2.1,18.44,29.11,0.42,15.96,15.38,62.44,7.23
-97.842493,30.180049,2004,8,18,231,2004-08-18,14.34,27.09,23.19,2.7,2.1,19.3,28.58,0.42,15.96,12.88,65.75,7.23
-97.738317,30.270925,2004,8,18,231,2004-08-18,13.49,27.56,23,2.58,2.1,18.44,29.11,0.42,15.96,15.38,62.44,7.23
-97.739774,30.262064,2004,8,18,231,2004-08-18,13.49,27.56,23,2.58,2.1,18.44,29.11,0.42,15.96,15.38,62.44,7.23
-97.754029,30.259753,2004,8,18,231,2004-08-18,13.49,27.56,23,2.58,2.1,18.44,29.11,0.42,15.96,15.38,62.44,7.23
-97.741224,30.279416,2004,8,18,231,2004-08-18,13.49,27.56,23,2.58,2.1,18.44,29.11,0.42,15.96,15.38,62.44,7.23
-97.762918,30.215461,2004,8,18,231,2004-08-18,14.59,27.23,23.51,2.4,2.1,19.79,28.55,0.42,15.96,13.95,67.62,7.23
-97.780544,30.266158,2004,8,18,231,2004-08-18,13.49,27.56,23,2.58,2.1,18.44,29.11,0.42,15.96,15.38,62.44,7.23
-97.781775,30.208,2004,8,18,231,2004-08-18,14.59,27.23,23.51,2.4,2.1,19.79,28.55,0.42,15.96,13.95,67.62,7.23
-97.740876,30.298455,2004,8,18,231,2004-08-18,13.49,27.56,23,2.58,2.1,18.44,29.11,0.42,15.96,15.38,62.44,7.23
-97.75321,30.34349,2004,8,18,231,2004-08-18,13.49,27.56,23,2.58,2.1,18.44,29.11,0.42,15.96,15.38,62.44,7.23
-97.713547,30.351719,2004,8,18,231,2004-08-18,13.49,27.56,23,2.58,2.1,18.44,29.11,0.42,15.96,15.38,62.44,7.23
-97.842158,30.179885,2004,8,18,231,2004-08-18,14.34,27.09,23.19,2.7,2.1,19.3,28.58,0.42,15.96,12.88,65.75,7.23
-97.775568,30.480725,2004,8,18,231,2004-08-18,13.49,27.56,23,2.58,2.1,18.44,29.11,0.42,15.96,15.38,62.44,7.23
-97.859542,30.237655,2004,8,18,231,2004-08-18,14.34,27.09,23.19,2.7,2.1,19.3,28.58,0.42,15.96,12.88,65.75,7.23
-97.725268,30.378356,2004,8,18,231,2004-08-18,13.49,27.56,23,2.58,2.1,18.44,29.11,0.42,15.96,15.38,62.44,7.23
-97.74506,30.265929,2004,8,18,231,2004-08-18,13.49,27.56,23,2.58,2.1,18.44,29.11,0.42,15.96,15.38,62.44,7.23
-97.751443,30.308007,2004,8,18,231,2004-08-18,13.49,27.56,23,2.58,2.1,18.44,29.11,0.42,15.96,15.38,62.44,7.23
-97.690502,30.357355,2004,8,18,231,2004-08-18,13.49,27.56,23,2.58,2.1,18.44,29.11,0.42,15.96,15.38,62.44,7.23
-97.720479,30.21091,2004,8,18,231,2004-08-18,14.59,27.23,23.51,2.4,2.1,19.79,28.55,0.42,15.96,13.95,67.62,7.23
-97.723271,30.233477,2004,8,18,231,2004-08-18,14.59,27.23,23.51,2.4,2.1,19.79,28.55,0.42,15.96,13.95,67.62,7.23
-97.666631,30.309438,2004,8,18,231,2004-08-18,13.49,27.56,23,2.58,2.1,18.44,29.11,0.42,15.96,15.38,62.44,7.23
-97.712506,30.319323,2004,8,18,231,2004-08-18,13.49,27.56,23,2.58,2.1,18.44,29.11,0.42,15.96,15.38,62.44,7.23
-97.707176,30.289563,2004,8,18,231,2004-08-18,13.49,27.56,23,2.58,2.1,18.44,29.11,0.42,15.96,15.38,62.44,7.23
-97.780921,30.246113,2004,8,18,231,2004-08-18,14.59,27.23,23.51,2.4,2.1,19.79,28.55,0.42,15.96,13.95,67.62,7.23
-97.63326,30.329654,2004,8,18,231,2004-08-18,13.49,27.56,23,2.58,2.1,18.44,29.11,0.42,15.96,15.38,62.44,7.23
-97.672619,30.273442,2004,8,18,231,2004-08-18,13.49,27.56,23,2.58,2.1,18.44,29.11,0.42,15.96,15.38,62.44,7.23
-97.72745,30.324169,2004,8,18,231,2004-08-18,13.49,27.56,23,2.58,2.1,18.44,29.11,0.42,15.96,15.38,62.44,7.23
-97.720435,30.207393,2004,8,18,231,2004-08-18,14.59,27.23,23.51,2.4,2.1,19.79,28.55,0.42,15.96,13.95,67.62,7.23
-97.741335,30.297697,2004,8,18,231,2004-08-18,13.49,27.56,23,2.58,2.1,18.44,29.11,0.42,15.96,15.38,62.44,7.23
-97.68871,30.295521,2004,8,18,231,2004-08-18,13.49,27.56,23,2.58,2.1,18.44,29.11,0.42,15.96,15.38,62.44,7.23
-97.747239,30.256161,2004,8,18,231,2004-08-18,13.49,27.56,23,2.58,2.1,18.44,29.11,0.42,15.96,15.38,62.44,7.23
-97.803591,30.230705,2004,8,18,231,2004-08-18,14.59,27.23,23.51,2.4,2.1,19.79,28.55,0.42,15.96,13.95,67.62,7.23
-97.750184,30.213602,2004,8,18,231,2004-08-18,14.59,27.23,23.51,2.4,2.1,19.79,28.55,0.42,15.96,13.95,67.62,7.23
-97.744541,30.164857,2004,8,18,231,2004-08-18,14.59,27.23,23.51,2.4,2.1,19.79,28.55,0.42,15.96,13.95,67.62,7.23
-97.690769,30.298895,2004,8,18,231,2004-08-18,13.49,27.56,23,2.58,2.1,18.44,29.11,0.42,15.96,15.38,62.44,7.23
-97.698736,30.343504,2004,8,18,231,2004-08-18,13.49,27.56,23,2.58,2.1,18.44,29.11,0.42,15.96,15.38,62.44,7.23
-97.736646,30.373389,2004,8,18,231,2004-08-18,13.49,27.56,23,2.58,2.1,18.44,29.11,0.42,15.96,15.38,62.44,7.23
-97.728647,30.213201,2004,8,18,231,2004-08-18,14.59,27.23,23.51,2.4,2.1,19.79,28.55,0.42,15.96,13.95,67.62,7.23
-97.745257,30.442695,2004,8,18,231,2004-08-18,13.49,27.56,23,2.58,2.1,18.44,29.11,0.42,15.96,15.38,62.44,7.23
-97.667664,30.330449,2004,8,18,231,2004-08-18,13.49,27.56,23,2.58,2.1,18.44,29.11,0.42,15.96,15.38,62.44,7.23
-97.758905,30.337978,2004,8,18,231,2004-08-18,13.49,27.56,23,2.58,2.1,18.44,29.11,0.42,15.96,15.38,62.44,7.23
-97.698329,30.264654,2004,8,18,231,2004-08-18,13.49,27.56,23,2.58,2.1,18.44,29.11,0.42,15.96,15.38,62.44,7.23
-97.853245,30.228028,2004,8,18,231,2004-08-18,14.34,27.09,23.19,2.7,2.1,19.3,28.58,0.42,15.96,12.88,65.75,7.23
-97.737726,30.267652,2004,8,18,231,2004-08-18,13.49,27.56,23,2.58,2.1,18.44,29.11,0.42,15.96,15.38,62.44,7.23
-97.75421,30.439339,2004,8,18,231,2004-08-18,13.49,27.56,23,2.58,2.1,18.44,29.11,0.42,15.96,15.38,62.44,7.23
-97.751184,30.351245,2004,8,18,231,2004-08-18,13.49,27.56,23,2.58,2.1,18.44,29.11,0.42,15.96,15.38,62.44,7.23
-97.751402,30.26808,2004,8,18,231,2004-08-18,13.49,27.56,23,2.58,2.1,18.44,29.11,0.42,15.96,15.38,62.44,7.23
-97.752662,30.274135,2004,8,18,231,2004-08-18,13.49,27.56,23,2.58,2.1,18.44,29.11,0.42,15.96,15.38,62.44,7.23
-97.735025,30.300529,2004,8,18,231,2004-08-18,13.49,27.56,23,2.58,2.1,18.44,29.11,0.42,15.96,15.38,62.44,7.23
-97.882598,30.229326,2004,8,18,231,2004-08-18,14.34,27.09,23.19,2.7,2.1,19.3,28.58,0.42,15.96,12.88,65.75,7.23
-97.71279,30.229513,2004,8,18,231,2004-08-18,14.59,27.23,23.51,2.4,2.1,19.79,28.55,0.42,15.96,13.95,67.62,7.23
-97.724429,30.209306,2004,8,18,231,2004-08-18,14.59,27.23,23.51,2.4,2.1,19.79,28.55,0.42,15.96,13.95,67.62,7.23
-97.856886,30.18914,2004,8,18,231,2004-08-18,14.34,27.09,23.19,2.7,2.1,19.3,28.58,0.42,15.96,12.88,65.75,7.23
-97.715039,30.353654,2004,8,18,231,2004-08-18,13.49,27.56,23,2.58,2.1,18.44,29.11,0.42,15.96,15.38,62.44,7.23
-97.716846,30.33379,2004,8,18,231,2004-08-18,13.49,27.56,23,2.58,2.1,18.44,29.11,0.42,15.96,15.38,62.44,7.23
-97.73995,30.334102,2004,8,18,231,2004-08-18,13.49,27.56,23,2.58,2.1,18.44,29.11,0.42,15.96,15.38,62.44,7.23
-97.714367,30.213016,2004,8,18,231,2004-08-18,14.59,27.23,23.51,2.4,2.1,19.79,28.55,0.42,15.96,13.95,67.62,7.23
-97.729699,30.394404,2004,8,18,231,2004-08-18,13.49,27.56,23,2.58,2.1,18.44,29.11,0.42,15.96,15.38,62.44,7.23
-97.706106,30.30073,2004,8,18,231,2004-08-18,13.49,27.56,23,2.58,2.1,18.44,29.11,0.42,15.96,15.38,62.44,7.23
-97.714197,30.292694,2004,8,18,231,2004-08-18,13.49,27.56,23,2.58,2.1,18.44,29.11,0.42,15.96,15.38,62.44,7.23
-97.745309,30.384949,2004,8,18,231,2004-08-18,13.49,27.56,23,2.58,2.1,18.44,29.11,0.42,15.96,15.38,62.44,7.23
-97.677742,30.258813,2004,8,18,231,2004-08-18,13.49,27.56,23,2.58,2.1,18.44,29.11,0.42,15.96,15.38,62.44,7.23
-97.77498,30.223789,2004,8,18,231,2004-08-18,14.59,27.23,23.51,2.4,2.1,19.79,28.55,0.42,15.96,13.95,67.62,7.23
-97.669094,30.343621,2004,8,18,231,2004-08-18,13.49,27.56,23,2.58,2.1,18.44,29.11,0.42,15.96,15.38,62.44,7.23
-97.797289,30.233106,2004,8,18,231,2004-08-18,14.59,27.23,23.51,2.4,2.1,19.79,28.55,0.42,15.96,13.95,67.62,7.23
-97.748162,30.264407,2004,8,18,231,2004-08-18,13.49,27.56,23,2.58,2.1,18.44,29.11,0.42,15.96,15.38,62.44,7.23
-97.799057,30.172167,2004,8,18,231,2004-08-18,14.59,27.23,23.51,2.4,2.1,19.79,28.55,0.42,15.96,13.95,67.62,7.23
-97.745629,30.301219,2004,8,18,231,2004-08-18,13.49,27.56,23,2.58,2.1,18.44,29.11,0.42,15.96,15.38,62.44,7.23
-97.728782,30.207281,2004,8,18,231,2004-08-18,14.59,27.23,23.51,2.4,2.1,19.79,28.55,0.42,15.96,13.95,67.62,7.23
-97.704619,30.26067,2004,8,18,231,2004-08-18,13.49,27.56,23,2.58,2.1,18.44,29.11,0.42,15.96,15.38,62.44,7.23
-97.722716,30.34018,2004,8,18,231,2004-08-18,13.49,27.56,23,2.58,2.1,18.44,29.11,0.42,15.96,15.38,62.44,7.23
-97.733977,30.309298,2004,8,18,231,2004-08-18,13.49,27.56,23,2.58,2.1,18.44,29.11,0.42,15.96,15.38,62.44,7.23
-97.74276,30.307853,2004,8,18,231,2004-08-18,13.49,27.56,23,2.58,2.1,18.44,29.11,0.42,15.96,15.38,62.44,7.23
-97.738757,30.255824,2004,8,18,231,2004-08-18,13.49,27.56,23,2.58,2.1,18.44,29.11,0.42,15.96,15.38,62.44,7.23
-97.713784,30.314654,2004,8,18,231,2004-08-18,13.49,27.56,23,2.58,2.1,18.44,29.11,0.42,15.96,15.38,62.44,7.23
-97.854027,30.236348,2004,8,18,231,2004-08-18,14.34,27.09,23.19,2.7,2.1,19.3,28.58,0.42,15.96,12.88,65.75,7.23
-97.69175,30.35994,2004,8,18,231,2004-08-18,13.49,27.56,23,2.58,2.1,18.44,29.11,0.42,15.96,15.38,62.44,7.23
-97.741201,30.297906,2004,8,18,231,2004-08-18,13.49,27.56,23,2.58,2.1,18.44,29.11,0.42,15.96,15.38,62.44,7.23
-97.708205,30.254241,2004,8,18,231,2004-08-18,13.49,27.56,23,2.58,2.1,18.44,29.11,0.42,15.96,15.38,62.44,7.23
-97.788243,30.197231,2004,8,18,231,2004-08-18,14.59,27.23,23.51,2.4,2.1,19.79,28.55,0.42,15.96,13.95,67.62,7.23
-97.662402,30.420241,2004,8,18,231,2004-08-18,13.49,27.56,23,2.58,2.1,18.44,29.11,0.42,15.96,15.38,62.44,7.23
-97.753644,30.22651,2004,8,18,231,2004-08-18,14.59,27.23,23.51,2.4,2.1,19.79,28.55,0.42,15.96,13.95,67.62,7.23
-97.756675,30.337999,2004,8,18,231,2004-08-18,13.49,27.56,23,2.58,2.1,18.44,29.11,0.42,15.96,15.38,62.44,7.23
-97.739544,30.300569,2004,8,18,231,2004-08-18,13.49,27.56,23,2.58,2.1,18.44,29.11,0.42,15.96,15.38,62.44,7.23
-97.727131,30.21006,2004,8,18,231,2004-08-18,14.59,27.23,23.51,2.4,2.1,19.79,28.55,0.42,15.96,13.95,67.62,7.23
-97.755982,30.214303,2004,8,18,231,2004-08-18,14.59,27.23,23.51,2.4,2.1,19.79,28.55,0.42,15.96,13.95,67.62,7.23
-97.710789,30.214758,2004,8,18,231,2004-08-18,14.59,27.23,23.51,2.4,2.1,19.79,28.55,0.42,15.96,13.95,67.62,7.23
-97.765112,30.221042,2004,8,18,231,2004-08-18,14.59,27.23,23.51,2.4,2.1,19.79,28.55,0.42,15.96,13.95,67.62,7.23
-97.708536,30.285944,2004,8,18,231,2004-08-18,13.49,27.56,23,2.58,2.1,18.44,29.11,0.42,15.96,15.38,62.44,7.23
-97.706159,30.254905,2004,8,18,231,2004-08-18,13.49,27.56,23,2.58,2.1,18.44,29.11,0.42,15.96,15.38,62.44,7.23
-97.747812,30.297657,2004,8,18,231,2004-08-18,13.49,27.56,23,2.58,2.1,18.44,29.11,0.42,15.96,15.38,62.44,7.23
-97.735103,30.349253,2004,8,18,231,2004-08-18,13.49,27.56,23,2.58,2.1,18.44,29.11,0.42,15.96,15.38,62.44,7.23
-97.758643,30.23219,2004,8,18,231,2004-08-18,14.59,27.23,23.51,2.4,2.1,19.79,28.55,0.42,15.96,13.95,67.62,7.23
-97.801406,30.369841,2004,8,18,231,2004-08-18,13.49,27.56,23,2.58,2.1,18.44,29.11,0.42,15.96,15.38,62.44,7.23
-97.760927,30.223083,2004,8,18,231,2004-08-18,14.59,27.23,23.51,2.4,2.1,19.79,28.55,0.42,15.96,13.95,67.62,7.23
-97.706653,30.287145,2004,8,18,231,2004-08-18,13.49,27.56,23,2.58,2.1,18.44,29.11,0.42,15.96,15.38,62.44,7.23
-97.762168,30.226126,2004,8,18,231,2004-08-18,14.59,27.23,23.51,2.4,2.1,19.79,28.55,0.42,15.96,13.95,67.62,7.23
-97.739372,30.192424,2004,8,18,231,2004-08-18,14.59,27.23,23.51,2.4,2.1,19.79,28.55,0.42,15.96,13.95,67.62,7.23
-97.741257,30.213812,2004,8,18,231,2004-08-18,14.59,27.23,23.51,2.4,2.1,19.79,28.55,0.42,15.96,13.95,67.62,7.23
-97.742254,30.296261,2004,8,18,231,2004-08-18,13.49,27.56,23,2.58,2.1,18.44,29.11,0.42,15.96,15.38,62.44,7.23
-97.628879,30.330786,2004,8,18,231,2004-08-18,13.49,27.56,23,2.58,2.1,18.44,29.11,0.42,15.96,15.38,62.44,7.23
-97.681135,30.314462,2004,8,18,231,2004-08-18,13.49,27.56,23,2.58,2.1,18.44,29.11,0.42,15.96,15.38,62.44,7.23
-97.845694,30.195573,2004,8,18,231,2004-08-18,14.34,27.09,23.19,2.7,2.1,19.3,28.58,0.42,15.96,12.88,65.75,7.23
-97.73301,30.38253,2004,8,18,231,2004-08-18,13.49,27.56,23,2.58,2.1,18.44,29.11,0.42,15.96,15.38,62.44,7.23
-97.758617,30.336442,2004,8,18,231,2004-08-18,13.49,27.56,23,2.58,2.1,18.44,29.11,0.42,15.96,15.38,62.44,7.23
-97.743605,30.285138,2004,8,18,231,2004-08-18,13.49,27.56,23,2.58,2.1,18.44,29.11,0.42,15.96,15.38,62.44,7.23
-97.619564,30.175147,2004,8,18,231,2004-08-18,14.59,27.23,23.51,2.4,2.1,19.79,28.55,0.42,15.96,13.95,67.62,7.23
-97.781597,30.375282,2004,8,18,231,2004-08-18,13.49,27.56,23,2.58,2.1,18.44,29.11,0.42,15.96,15.38,62.44,7.23
-97.739729,30.360423,2004,8,18,231,2004-08-18,13.49,27.56,23,2.58,2.1,18.44,29.11,0.42,15.96,15.38,62.44,7.23
-97.752102,30.352954,2004,8,18,231,2004-08-18,13.49,27.56,23,2.58,2.1,18.44,29.11,0.42,15.96,15.38,62.44,7.23
-97.670596,30.341682,2004,8,18,231,2004-08-18,13.49,27.56,23,2.58,2.1,18.44,29.11,0.42,15.96,15.38,62.44,7.23
-97.714987,30.207919,2004,8,18,231,2004-08-18,14.59,27.23,23.51,2.4,2.1,19.79,28.55,0.42,15.96,13.95,67.62,7.23
-97.753644,30.22651,2004,8,18,231,2004-08-18,14.59,27.23,23.51,2.4,2.1,19.79,28.55,0.42,15.96,13.95,67.62,7.23
-97.843526,30.223643,2004,8,18,231,2004-08-18,14.34,27.09,23.19,2.7,2.1,19.3,28.58,0.42,15.96,12.88,65.75,7.23
-97.728058,30.206348,2004,8,18,231,2004-08-18,14.59,27.23,23.51,2.4,2.1,19.79,28.55,0.42,15.96,13.95,67.62,7.23
-97.73425,30.270817,2004,8,18,231,2004-08-18,13.49,27.56,23,2.58,2.1,18.44,29.11,0.42,15.96,15.38,62.44,7.23
-97.655305,30.323825,2004,8,18,231,2004-08-18,13.49,27.56,23,2.58,2.1,18.44,29.11,0.42,15.96,15.38,62.44,7.23
-97.647835,30.300838,2004,8,18,231,2004-08-18,13.49,27.56,23,2.58,2.1,18.44,29.11,0.42,15.96,15.38,62.44,7.23
-97.681135,30.314462,2004,8,18,231,2004-08-18,13.49,27.56,23,2.58,2.1,18.44,29.11,0.42,15.96,15.38,62.44,7.23
-97.792001,30.236831,2004,8,18,231,2004-08-18,14.59,27.23,23.51,2.4,2.1,19.79,28.55,0.42,15.96,13.95,67.62,7.23
-97.877784,30.211755,2004,8,18,231,2004-08-18,14.34,27.09,23.19,2.7,2.1,19.3,28.58,0.42,15.96,12.88,65.75,7.23
-97.653806,30.324132,2004,8,18,231,2004-08-18,13.49,27.56,23,2.58,2.1,18.44,29.11,0.42,15.96,15.38,62.44,7.23
-97.750041,30.39327,2004,8,18,231,2004-08-18,13.49,27.56,23,2.58,2.1,18.44,29.11,0.42,15.96,15.38,62.44,7.23
-97.749015,30.362016,2004,8,18,231,2004-08-18,13.49,27.56,23,2.58,2.1,18.44,29.11,0.42,15.96,15.38,62.44,7.23
-97.762946,30.216109,2004,8,18,231,2004-08-18,14.59,27.23,23.51,2.4,2.1,19.79,28.55,0.42,15.96,13.95,67.62,7.23
-97.756615,30.222918,2004,8,18,231,2004-08-18,14.59,27.23,23.51,2.4,2.1,19.79,28.55,0.42,15.96,13.95,67.62,7.23
-97.744835,30.27633,2004,8,18,231,2004-08-18,13.49,27.56,23,2.58,2.1,18.44,29.11,0.42,15.96,15.38,62.44,7.23
-97.801322,30.348523,2004,8,18,231,2004-08-18,13.49,27.56,23,2.58,2.1,18.44,29.11,0.42,15.96,15.38,62.44,7.23
-97.866082,30.248272,2004,8,18,231,2004-08-18,14.34,27.09,23.19,2.7,2.1,19.3,28.58,0.42,15.96,12.88,65.75,7.23
-97.698257,30.289259,2004,8,18,231,2004-08-18,13.49,27.56,23,2.58,2.1,18.44,29.11,0.42,15.96,15.38,62.44,7.23
-97.754299,30.249069,2004,8,18,231,2004-08-18,14.59,27.23,23.51,2.4,2.1,19.79,28.55,0.42,15.96,13.95,67.62,7.23
-97.663906,30.414421,2004,8,18,231,2004-08-18,13.49,27.56,23,2.58,2.1,18.44,29.11,0.42,15.96,15.38,62.44,7.23
-97.860901,30.22776,2004,8,18,231,2004-08-18,14.34,27.09,23.19,2.7,2.1,19.3,28.58,0.42,15.96,12.88,65.75,7.23
-97.763282,30.436428,2004,8,18,231,2004-08-18,13.49,27.56,23,2.58,2.1,18.44,29.11,0.42,15.96,15.38,62.44,7.23
-97.717455,30.326017,2004,8,18,231,2004-08-18,13.49,27.56,23,2.58,2.1,18.44,29.11,0.42,15.96,15.38,62.44,7.23
-97.768866,30.230016,2004,8,18,231,2004-08-18,14.59,27.23,23.51,2.4,2.1,19.79,28.55,0.42,15.96,13.95,67.62,7.23
-97.739668,30.325508,2004,8,18,231,2004-08-18,13.49,27.56,23,2.58,2.1,18.44,29.11,0.42,15.96,15.38,62.44,7.23
-97.71879,30.210324,2004,8,18,231,2004-08-18,14.59,27.23,23.51,2.4,2.1,19.79,28.55,0.42,15.96,13.95,67.62,7.23
-97.73093,30.382983,2004,8,18,231,2004-08-18,13.49,27.56,23,2.58,2.1,18.44,29.11,0.42,15.96,15.38,62.44,7.23
-97.714378,30.330386,2004,8,18,231,2004-08-18,13.49,27.56,23,2.58,2.1,18.44,29.11,0.42,15.96,15.38,62.44,7.23
-97.703573,30.332835,2004,8,18,231,2004-08-18,13.49,27.56,23,2.58,2.1,18.44,29.11,0.42,15.96,15.38,62.44,7.23
-97.717509,30.383735,2004,8,18,231,2004-08-18,13.49,27.56,23,2.58,2.1,18.44,29.11,0.42,15.96,15.38,62.44,7.23
-97.717466,30.42654,2004,8,18,231,2004-08-18,13.49,27.56,23,2.58,2.1,18.44,29.11,0.42,15.96,15.38,62.44,7.23
-97.676647,30.349004,2004,8,18,231,2004-08-18,13.49,27.56,23,2.58,2.1,18.44,29.11,0.42,15.96,15.38,62.44,7.23
-97.805146,30.336732,2004,8,18,231,2004-08-18,13.49,27.56,23,2.58,2.1,18.44,29.11,0.42,15.96,15.38,62.44,7.23
-97.801361,30.228871,2004,8,18,231,2004-08-18,14.59,27.23,23.51,2.4,2.1,19.79,28.55,0.42,15.96,13.95,67.62,7.23
-97.703936,30.256325,2004,8,18,231,2004-08-18,13.49,27.56,23,2.58,2.1,18.44,29.11,0.42,15.96,15.38,62.44,7.23
-97.713804,30.316742,2004,8,18,231,2004-08-18,13.49,27.56,23,2.58,2.1,18.44,29.11,0.42,15.96,15.38,62.44,7.23
-97.770278,30.226566,2004,8,18,231,2004-08-18,14.59,27.23,23.51,2.4,2.1,19.79,28.55,0.42,15.96,13.95,67.62,7.23
-97.730703,30.2123,2004,8,18,231,2004-08-18,14.59,27.23,23.51,2.4,2.1,19.79,28.55,0.42,15.96,13.95,67.62,7.23
-97.761943,30.214999,2004,8,18,231,2004-08-18,14.59,27.23,23.51,2.4,2.1,19.79,28.55,0.42,15.96,13.95,67.62,7.23
-97.750215,30.2091,2004,8,18,231,2004-08-18,14.59,27.23,23.51,2.4,2.1,19.79,28.55,0.42,15.96,13.95,67.62,7.23
-97.805039,30.208281,2004,8,18,231,2004-08-18,14.59,27.23,23.51,2.4,2.1,19.79,28.55,0.42,15.96,13.95,67.62,7.23
-97.756284,30.258066,2004,8,18,231,2004-08-18,13.49,27.56,23,2.58,2.1,18.44,29.11,0.42,15.96,15.38,62.44,7.23
-97.740995,30.310589,2004,8,18,231,2004-08-18,13.49,27.56,23,2.58,2.1,18.44,29.11,0.42,15.96,15.38,62.44,7.23
-97.81792,30.240725,2004,8,18,231,2004-08-18,14.34,27.09,23.19,2.7,2.1,19.3,28.58,0.42,15.96,12.88,65.75,7.23
-97.739594,30.392463,2004,8,18,231,2004-08-18,13.49,27.56,23,2.58,2.1,18.44,29.11,0.42,15.96,15.38,62.44,7.23
-97.727719,30.373498,2004,8,18,231,2004-08-18,13.49,27.56,23,2.58,2.1,18.44,29.11,0.42,15.96,15.38,62.44,7.23
-97.780106,30.207855,2004,8,18,231,2004-08-18,14.59,27.23,23.51,2.4,2.1,19.79,28.55,0.42,15.96,13.95,67.62,7.23
-97.834834,30.211498,2004,8,18,231,2004-08-18,14.34,27.09,23.19,2.7,2.1,19.3,28.58,0.42,15.96,12.88,65.75,7.23
-97.800691,30.24166,2004,8,18,231,2004-08-18,14.59,27.23,23.51,2.4,2.1,19.79,28.55,0.42,15.96,13.95,67.62,7.23
-97.79129,30.23228,2004,8,18,231,2004-08-18,14.59,27.23,23.51,2.4,2.1,19.79,28.55,0.42,15.96,13.95,67.62,7.23
-97.782546,30.234947,2004,8,18,231,2004-08-18,14.59,27.23,23.51,2.4,2.1,19.79,28.55,0.42,15.96,13.95,67.62,7.23
-97.844774,30.396018,2004,8,18,231,2004-08-18,13.49,27.26,22.72,2.74,2.1,18.17,28.74,0.42,15.96,14.34,61.56,7.23
-97.703524,30.426441,2004,8,18,231,2004-08-18,13.49,27.56,23,2.58,2.1,18.44,29.11,0.42,15.96,15.38,62.44,7.23
-97.829428,30.215435,2004,8,18,231,2004-08-18,14.34,27.09,23.19,2.7,2.1,19.3,28.58,0.42,15.96,12.88,65.75,7.23
-97.746388,30.258461,2004,8,18,231,2004-08-18,13.49,27.56,23,2.58,2.1,18.44,29.11,0.42,15.96,15.38,62.44,7.23
-97.759062,30.331511,2004,8,18,231,2004-08-18,13.49,27.56,23,2.58,2.1,18.44,29.11,0.42,15.96,15.38,62.44,7.23
-97.741806,30.296963,2004,8,18,231,2004-08-18,13.49,27.56,23,2.58,2.1,18.44,29.11,0.42,15.96,15.38,62.44,7.23
-97.753644,30.22651,2004,8,18,231,2004-08-18,14.59,27.23,23.51,2.4,2.1,19.79,28.55,0.42,15.96,13.95,67.62,7.23
-97.723112,30.260445,2004,8,18,231,2004-08-18,13.49,27.56,23,2.58,2.1,18.44,29.11,0.42,15.96,15.38,62.44,7.23
-97.672214,30.403174,2004,8,18,231,2004-08-18,13.49,27.56,23,2.58,2.1,18.44,29.11,0.42,15.96,15.38,62.44,7.23
-97.766931,30.200605,2004,8,18,231,2004-08-18,14.59,27.23,23.51,2.4,2.1,19.79,28.55,0.42,15.96,13.95,67.62,7.23
-97.625384,30.372516,2004,8,18,231,2004-08-18,13.49,27.56,23,2.58,2.1,18.44,29.11,0.42,15.96,15.38,62.44,7.23
-97.666831,30.212095,2004,8,18,231,2004-08-18,14.59,27.23,23.51,2.4,2.1,19.79,28.55,0.42,15.96,13.95,67.62,7.23
-97.733225,30.375351,2004,8,18,231,2004-08-18,13.49,27.56,23,2.58,2.1,18.44,29.11,0.42,15.96,15.38,62.44,7.23
-97.73728,30.371868,2004,8,18,231,2004-08-18,13.49,27.56,23,2.58,2.1,18.44,29.11,0.42,15.96,15.38,62.44,7.23
-97.763556,30.376236,2004,8,18,231,2004-08-18,13.49,27.56,23,2.58,2.1,18.44,29.11,0.42,15.96,15.38,62.44,7.23
-97.729699,30.394404,2004,8,18,231,2004-08-18,13.49,27.56,23,2.58,2.1,18.44,29.11,0.42,15.96,15.38,62.44,7.23
-97.805734,30.24564,2004,8,18,231,2004-08-18,14.59,27.23,23.51,2.4,2.1,19.79,28.55,0.42,15.96,13.95,67.62,7.23
-97.798078,30.356795,2004,8,18,231,2004-08-18,13.49,27.56,23,2.58,2.1,18.44,29.11,0.42,15.96,15.38,62.44,7.23
-97.739484,30.269186,2004,8,18,231,2004-08-18,13.49,27.56,23,2.58,2.1,18.44,29.11,0.42,15.96,15.38,62.44,7.23
-97.73449,30.30284,2004,8,18,231,2004-08-18,13.49,27.56,23,2.58,2.1,18.44,29.11,0.42,15.96,15.38,62.44,7.23
-97.770208,30.314132,2004,8,18,231,2004-08-18,13.49,27.56,23,2.58,2.1,18.44,29.11,0.42,15.96,15.38,62.44,7.23
-97.743021,30.267459,2004,8,18,231,2004-08-18,13.49,27.56,23,2.58,2.1,18.44,29.11,0.42,15.96,15.38,62.44,7.23
-97.702832,30.253751,2004,8,18,231,2004-08-18,13.49,27.56,23,2.58,2.1,18.44,29.11,0.42,15.96,15.38,62.44,7.23
-97.744621,30.267101,2004,8,18,231,2004-08-18,13.49,27.56,23,2.58,2.1,18.44,29.11,0.42,15.96,15.38,62.44,7.23
-97.731404,30.313263,2004,8,18,231,2004-08-18,13.49,27.56,23,2.58,2.1,18.44,29.11,0.42,15.96,15.38,62.44,7.23
-97.732243,30.432211,2004,8,18,231,2004-08-18,13.49,27.56,23,2.58,2.1,18.44,29.11,0.42,15.96,15.38,62.44,7.23
-97.854022,30.289977,2004,8,18,231,2004-08-18,13.49,27.26,22.72,2.74,2.1,18.17,28.74,0.42,15.96,14.34,61.56,7.23
-97.735103,30.349253,2004,8,18,231,2004-08-18,13.49,27.56,23,2.58,2.1,18.44,29.11,0.42,15.96,15.38,62.44,7.23
-97.7438,30.273493,2004,8,18,231,2004-08-18,13.49,27.56,23,2.58,2.1,18.44,29.11,0.42,15.96,15.38,62.44,7.23
-97.758706,30.337044,2004,8,18,231,2004-08-18,13.49,27.56,23,2.58,2.1,18.44,29.11,0.42,15.96,15.38,62.44,7.23
-97.840984,30.224882,2004,8,18,231,2004-08-18,14.34,27.09,23.19,2.7,2.1,19.3,28.58,0.42,15.96,12.88,65.75,7.23
-97.696307,30.360249,2004,8,18,231,2004-08-18,13.49,27.56,23,2.58,2.1,18.44,29.11,0.42,15.96,15.38,62.44,7.23
-97.839803,30.216743,2004,8,18,231,2004-08-18,14.34,27.09,23.19,2.7,2.1,19.3,28.58,0.42,15.96,12.88,65.75,7.23
-97.720115,30.335837,2004,8,18,231,2004-08-18,13.49,27.56,23,2.58,2.1,18.44,29.11,0.42,15.96,15.38,62.44,7.23
-97.739666,30.327013,2004,8,18,231,2004-08-18,13.49,27.56,23,2.58,2.1,18.44,29.11,0.42,15.96,15.38,62.44,7.23
-97.72931,30.325973,2004,8,18,231,2004-08-18,13.49,27.56,23,2.58,2.1,18.44,29.11,0.42,15.96,15.38,62.44,7.23
-97.707021,30.328395,2004,8,18,231,2004-08-18,13.49,27.56,23,2.58,2.1,18.44,29.11,0.42,15.96,15.38,62.44,7.23
-97.659351,30.340108,2004,8,18,231,2004-08-18,13.49,27.56,23,2.58,2.1,18.44,29.11,0.42,15.96,15.38,62.44,7.23
-97.764266,30.216088,2004,8,18,231,2004-08-18,14.59,27.23,23.51,2.4,2.1,19.79,28.55,0.42,15.96,13.95,67.62,7.23
-97.75089,30.305757,2004,8,18,231,2004-08-18,13.49,27.56,23,2.58,2.1,18.44,29.11,0.42,15.96,15.38,62.44,7.23
-97.739514,30.324341,2004,8,18,231,2004-08-18,13.49,27.56,23,2.58,2.1,18.44,29.11,0.42,15.96,15.38,62.44,7.23
-97.749028,30.268037,2004,8,18,231,2004-08-18,13.49,27.56,23,2.58,2.1,18.44,29.11,0.42,15.96,15.38,62.44,7.23
-97.757945,30.262693,2004,8,18,231,2004-08-18,13.49,27.56,23,2.58,2.1,18.44,29.11,0.42,15.96,15.38,62.44,7.23
-97.682434,30.239965,2004,8,18,231,2004-08-18,14.59,27.23,23.51,2.4,2.1,19.79,28.55,0.42,15.96,13.95,67.62,7.23
-97.751398,30.351494,2004,8,18,231,2004-08-18,13.49,27.56,23,2.58,2.1,18.44,29.11,0.42,15.96,15.38,62.44,7.23
-97.704137,30.258388,2004,8,18,231,2004-08-18,13.49,27.56,23,2.58,2.1,18.44,29.11,0.42,15.96,15.38,62.44,7.23
-97.740748,30.367378,2004,8,18,231,2004-08-18,13.49,27.56,23,2.58,2.1,18.44,29.11,0.42,15.96,15.38,62.44,7.23
-97.804169,30.232277,2004,8,18,231,2004-08-18,14.59,27.23,23.51,2.4,2.1,19.79,28.55,0.42,15.96,13.95,67.62,7.23
-97.67001,30.267909,2004,8,18,231,2004-08-18,13.49,27.56,23,2.58,2.1,18.44,29.11,0.42,15.96,15.38,62.44,7.23
-97.866082,30.248272,2004,8,18,231,2004-08-18,14.34,27.09,23.19,2.7,2.1,19.3,28.58,0.42,15.96,12.88,65.75,7.23
-97.747818,30.212895,2004,8,18,231,2004-08-18,14.59,27.23,23.51,2.4,2.1,19.79,28.55,0.42,15.96,13.95,67.62,7.23
-97.742879,30.417906,2004,8,18,231,2004-08-18,13.49,27.56,23,2.58,2.1,18.44,29.11,0.42,15.96,15.38,62.44,7.23
-97.741231,30.268325,2004,8,18,231,2004-08-18,13.49,27.56,23,2.58,2.1,18.44,29.11,0.42,15.96,15.38,62.44,7.23
-97.790651,30.266684,2004,8,18,231,2004-08-18,13.49,27.56,23,2.58,2.1,18.44,29.11,0.42,15.96,15.38,62.44,7.23
-97.748933,30.266694,2004,8,18,231,2004-08-18,13.49,27.56,23,2.58,2.1,18.44,29.11,0.42,15.96,15.38,62.44,7.23
-97.771202,30.313406,2004,8,18,231,2004-08-18,13.49,27.56,23,2.58,2.1,18.44,29.11,0.42,15.96,15.38,62.44,7.23
-97.673827,30.373231,2004,8,18,231,2004-08-18,13.49,27.56,23,2.58,2.1,18.44,29.11,0.42,15.96,15.38,62.44,7.23
-97.703608,30.251514,2004,8,18,231,2004-08-18,13.49,27.56,23,2.58,2.1,18.44,29.11,0.42,15.96,15.38,62.44,7.23
-97.779273,30.20728,2004,8,18,231,2004-08-18,14.59,27.23,23.51,2.4,2.1,19.79,28.55,0.42,15.96,13.95,67.62,7.23
-97.707021,30.328395,2004,8,18,231,2004-08-18,13.49,27.56,23,2.58,2.1,18.44,29.11,0.42,15.96,15.38,62.44,7.23
-97.696437,30.252499,2004,8,18,231,2004-08-18,13.49,27.56,23,2.58,2.1,18.44,29.11,0.42,15.96,15.38,62.44,7.23
-97.740025,30.333377,2004,8,18,231,2004-08-18,13.49,27.56,23,2.58,2.1,18.44,29.11,0.42,15.96,15.38,62.44,7.23
-97.761879,30.436913,2004,8,18,231,2004-08-18,13.49,27.56,23,2.58,2.1,18.44,29.11,0.42,15.96,15.38,62.44,7.23
-97.739244,30.301067,2004,8,18,231,2004-08-18,13.49,27.56,23,2.58,2.1,18.44,29.11,0.42,15.96,15.38,62.44,7.23
-97.720858,30.207596,2004,8,18,231,2004-08-18,14.59,27.23,23.51,2.4,2.1,19.79,28.55,0.42,15.96,13.95,67.62,7.23
-97.831573,30.211982,2004,8,18,231,2004-08-18,14.34,27.09,23.19,2.7,2.1,19.3,28.58,0.42,15.96,12.88,65.75,7.23
-97.794618,30.234848,2004,8,18,231,2004-08-18,14.59,27.23,23.51,2.4,2.1,19.79,28.55,0.42,15.96,13.95,67.62,7.23
-97.817116,30.276476,2004,8,18,231,2004-08-18,13.49,27.26,22.72,2.74,2.1,18.17,28.74,0.42,15.96,14.34,61.56,7.23
-97.73632,30.271411,2004,8,18,231,2004-08-18,13.49,27.56,23,2.58,2.1,18.44,29.11,0.42,15.96,15.38,62.44,7.23
-97.681856,30.2871,2004,8,18,231,2004-08-18,13.49,27.56,23,2.58,2.1,18.44,29.11,0.42,15.96,15.38,62.44,7.23
-97.702832,30.253751,2004,8,18,231,2004-08-18,13.49,27.56,23,2.58,2.1,18.44,29.11,0.42,15.96,15.38,62.44,7.23
-97.712283,30.198349,2004,8,18,231,2004-08-18,14.59,27.23,23.51,2.4,2.1,19.79,28.55,0.42,15.96,13.95,67.62,7.23
-97.754752,30.269588,2004,8,18,231,2004-08-18,13.49,27.56,23,2.58,2.1,18.44,29.11,0.42,15.96,15.38,62.44,7.23
-97.744358,30.263871,2004,8,18,231,2004-08-18,13.49,27.56,23,2.58,2.1,18.44,29.11,0.42,15.96,15.38,62.44,7.23
-97.757718,30.21933,2004,8,18,231,2004-08-18,14.59,27.23,23.51,2.4,2.1,19.79,28.55,0.42,15.96,13.95,67.62,7.23
-97.743697,30.38599,2004,8,18,231,2004-08-18,13.49,27.56,23,2.58,2.1,18.44,29.11,0.42,15.96,15.38,62.44,7.23
-97.741476,30.210402,2004,8,18,231,2004-08-18,14.59,27.23,23.51,2.4,2.1,19.79,28.55,0.42,15.96,13.95,67.62,7.23
-97.876151,30.200438,2004,8,18,231,2004-08-18,14.34,27.09,23.19,2.7,2.1,19.3,28.58,0.42,15.96,12.88,65.75,7.23
-97.742781,30.305048,2004,8,18,231,2004-08-18,13.49,27.56,23,2.58,2.1,18.44,29.11,0.42,15.96,15.38,62.44,7.23
-97.736902,30.34639,2004,8,18,231,2004-08-18,13.49,27.56,23,2.58,2.1,18.44,29.11,0.42,15.96,15.38,62.44,7.23
-97.704762,30.251917,2004,8,18,231,2004-08-18,13.49,27.56,23,2.58,2.1,18.44,29.11,0.42,15.96,15.38,62.44,7.23
-97.75186,30.258978,2004,8,18,231,2004-08-18,13.49,27.56,23,2.58,2.1,18.44,29.11,0.42,15.96,15.38,62.44,7.23
-97.803175,30.231548,2004,8,18,231,2004-08-18,14.59,27.23,23.51,2.4,2.1,19.79,28.55,0.42,15.96,13.95,67.62,7.23
-97.663935,30.290635,2004,8,18,231,2004-08-18,13.49,27.56,23,2.58,2.1,18.44,29.11,0.42,15.96,15.38,62.44,7.23
-97.746875,30.356846,2004,8,18,231,2004-08-18,13.49,27.56,23,2.58,2.1,18.44,29.11,0.42,15.96,15.38,62.44,7.23
-97.693934,30.207146,2004,8,18,231,2004-08-18,14.59,27.23,23.51,2.4,2.1,19.79,28.55,0.42,15.96,13.95,67.62,7.23
-97.836546,30.221231,2004,8,18,231,2004-08-18,14.34,27.09,23.19,2.7,2.1,19.3,28.58,0.42,15.96,12.88,65.75,7.23
-97.707188,30.306429,2004,8,18,231,2004-08-18,13.49,27.56,23,2.58,2.1,18.44,29.11,0.42,15.96,15.38,62.44,7.23
-97.735316,30.29778,2004,8,18,231,2004-08-18,13.49,27.56,23,2.58,2.1,18.44,29.11,0.42,15.96,15.38,62.44,7.23
-97.670362,30.276841,2004,8,18,231,2004-08-18,13.49,27.56,23,2.58,2.1,18.44,29.11,0.42,15.96,15.38,62.44,7.23
-97.809367,30.1968,2004,8,18,231,2004-08-18,14.59,27.23,23.51,2.4,2.1,19.79,28.55,0.42,15.96,13.95,67.62,7.23
-97.707235,30.28849,2004,8,18,231,2004-08-18,13.49,27.56,23,2.58,2.1,18.44,29.11,0.42,15.96,15.38,62.44,7.23
-97.747718,30.360888,2004,8,18,231,2004-08-18,13.49,27.56,23,2.58,2.1,18.44,29.11,0.42,15.96,15.38,62.44,7.23
-97.736965,30.266417,2004,8,18,231,2004-08-18,13.49,27.56,23,2.58,2.1,18.44,29.11,0.42,15.96,15.38,62.44,7.23
-97.751199,30.334437,2004,8,18,231,2004-08-18,13.49,27.56,23,2.58,2.1,18.44,29.11,0.42,15.96,15.38,62.44,7.23
-97.755763,30.370871,2004,8,18,231,2004-08-18,13.49,27.56,23,2.58,2.1,18.44,29.11,0.42,15.96,15.38,62.44,7.23
-97.807185,30.227231,2004,8,18,231,2004-08-18,14.59,27.23,23.51,2.4,2.1,19.79,28.55,0.42,15.96,13.95,67.62,7.23
-97.857942,30.226321,2004,8,18,231,2004-08-18,14.34,27.09,23.19,2.7,2.1,19.3,28.58,0.42,15.96,12.88,65.75,7.23
-97.715965,30.351292,2004,8,18,231,2004-08-18,13.49,27.56,23,2.58,2.1,18.44,29.11,0.42,15.96,15.38,62.44,7.23
-97.74093,30.214227,2004,8,18,231,2004-08-18,14.59,27.23,23.51,2.4,2.1,19.79,28.55,0.42,15.96,13.95,67.62,7.23
-97.752616,30.270795,2004,8,18,231,2004-08-18,13.49,27.56,23,2.58,2.1,18.44,29.11,0.42,15.96,15.38,62.44,7.23
-97.716053,30.325973,2004,8,18,231,2004-08-18,13.49,27.56,23,2.58,2.1,18.44,29.11,0.42,15.96,15.38,62.44,7.23
-97.866082,30.248272,2004,8,18,231,2004-08-18,14.34,27.09,23.19,2.7,2.1,19.3,28.58,0.42,15.96,12.88,65.75,7.23
-97.880052,30.201123,2004,8,18,231,2004-08-18,14.34,27.09,23.19,2.7,2.1,19.3,28.58,0.42,15.96,12.88,65.75,7.23
-97.777948,30.195165,2004,8,18,231,2004-08-18,14.59,27.23,23.51,2.4,2.1,19.79,28.55,0.42,15.96,13.95,67.62,7.23
-97.714369,30.318806,2004,8,18,231,2004-08-18,13.49,27.56,23,2.58,2.1,18.44,29.11,0.42,15.96,15.38,62.44,7.23
-97.707478,30.194912,2004,8,18,231,2004-08-18,14.59,27.23,23.51,2.4,2.1,19.79,28.55,0.42,15.96,13.95,67.62,7.23
-97.680524,30.341607,2004,8,18,231,2004-08-18,13.49,27.56,23,2.58,2.1,18.44,29.11,0.42,15.96,15.38,62.44,7.23
-97.771339,30.228616,2004,8,18,231,2004-08-18,14.59,27.23,23.51,2.4,2.1,19.79,28.55,0.42,15.96,13.95,67.62,7.23
-97.857484,30.234952,2004,8,18,231,2004-08-18,14.34,27.09,23.19,2.7,2.1,19.3,28.58,0.42,15.96,12.88,65.75,7.23
-97.769108,30.214756,2004,8,18,231,2004-08-18,14.59,27.23,23.51,2.4,2.1,19.79,28.55,0.42,15.96,13.95,67.62,7.23
-97.745754,30.287289,2004,8,18,231,2004-08-18,13.49,27.56,23,2.58,2.1,18.44,29.11,0.42,15.96,15.38,62.44,7.23
-97.721674,30.373466,2004,8,18,231,2004-08-18,13.49,27.56,23,2.58,2.1,18.44,29.11,0.42,15.96,15.38,62.44,7.23
-97.746202,30.213628,2004,8,18,231,2004-08-18,14.59,27.23,23.51,2.4,2.1,19.79,28.55,0.42,15.96,13.95,67.62,7.23
-97.760694,30.212838,2004,8,18,231,2004-08-18,14.59,27.23,23.51,2.4,2.1,19.79,28.55,0.42,15.96,13.95,67.62,7.23
-97.765278,30.220772,2004,8,18,231,2004-08-18,14.59,27.23,23.51,2.4,2.1,19.79,28.55,0.42,15.96,13.95,67.62,7.23
-97.737441,30.265543,2004,8,18,231,2004-08-18,13.49,27.56,23,2.58,2.1,18.44,29.11,0.42,15.96,15.38,62.44,7.23
-97.745609,30.407225,2004,8,18,231,2004-08-18,13.49,27.56,23,2.58,2.1,18.44,29.11,0.42,15.96,15.38,62.44,7.23
-97.720725,30.210497,2004,8,18,231,2004-08-18,14.59,27.23,23.51,2.4,2.1,19.79,28.55,0.42,15.96,13.95,67.62,7.23
-97.749813,30.364373,2004,8,18,231,2004-08-18,13.49,27.56,23,2.58,2.1,18.44,29.11,0.42,15.96,15.38,62.44,7.23
-97.797078,30.355209,2004,8,18,231,2004-08-18,13.49,27.56,23,2.58,2.1,18.44,29.11,0.42,15.96,15.38,62.44,7.23
-97.708879,30.345543,2004,8,18,231,2004-08-18,13.49,27.56,23,2.58,2.1,18.44,29.11,0.42,15.96,15.38,62.44,7.23
-97.758333,30.335781,2004,8,18,231,2004-08-18,13.49,27.56,23,2.58,2.1,18.44,29.11,0.42,15.96,15.38,62.44,7.23
-97.754591,30.308712,2004,8,18,231,2004-08-18,13.49,27.56,23,2.58,2.1,18.44,29.11,0.42,15.96,15.38,62.44,7.23
-97.753644,30.22651,2004,8,18,231,2004-08-18,14.59,27.23,23.51,2.4,2.1,19.79,28.55,0.42,15.96,13.95,67.62,7.23
-97.739571,30.206441,2004,8,18,231,2004-08-18,14.59,27.23,23.51,2.4,2.1,19.79,28.55,0.42,15.96,13.95,67.62,7.23
-97.737386,30.211565,2004,8,18,231,2004-08-18,14.59,27.23,23.51,2.4,2.1,19.79,28.55,0.42,15.96,13.95,67.62,7.23
-97.710032,30.258919,2004,8,18,231,2004-08-18,13.49,27.56,23,2.58,2.1,18.44,29.11,0.42,15.96,15.38,62.44,7.23
-97.656224,30.316964,2004,8,18,231,2004-08-18,13.49,27.56,23,2.58,2.1,18.44,29.11,0.42,15.96,15.38,62.44,7.23
-97.762686,30.216525,2004,8,18,231,2004-08-18,14.59,27.23,23.51,2.4,2.1,19.79,28.55,0.42,15.96,13.95,67.62,7.23
-97.652432,30.449814,2004,8,18,231,2004-08-18,13.49,27.56,23,2.58,2.1,18.44,29.11,0.42,15.96,15.38,62.44,7.23
-97.855572,30.236934,2004,8,18,231,2004-08-18,14.34,27.09,23.19,2.7,2.1,19.3,28.58,0.42,15.96,12.88,65.75,7.23
-97.750677,30.309085,2004,8,18,231,2004-08-18,13.49,27.56,23,2.58,2.1,18.44,29.11,0.42,15.96,15.38,62.44,7.23
-97.714752,30.320071,2004,8,18,231,2004-08-18,13.49,27.56,23,2.58,2.1,18.44,29.11,0.42,15.96,15.38,62.44,7.23
-97.730176,30.382634,2004,8,18,231,2004-08-18,13.49,27.56,23,2.58,2.1,18.44,29.11,0.42,15.96,15.38,62.44,7.23
-97.684319,30.238293,2004,8,18,231,2004-08-18,14.59,27.23,23.51,2.4,2.1,19.79,28.55,0.42,15.96,13.95,67.62,7.23
-97.827223,30.219011,2004,8,18,231,2004-08-18,14.34,27.09,23.19,2.7,2.1,19.3,28.58,0.42,15.96,12.88,65.75,7.23
-97.854237,30.218743,2004,8,18,231,2004-08-18,14.34,27.09,23.19,2.7,2.1,19.3,28.58,0.42,15.96,12.88,65.75,7.23
-97.729099,30.394109,2004,8,18,231,2004-08-18,13.49,27.56,23,2.58,2.1,18.44,29.11,0.42,15.96,15.38,62.44,7.23
-97.791389,30.180469,2004,8,18,231,2004-08-18,14.59,27.23,23.51,2.4,2.1,19.79,28.55,0.42,15.96,13.95,67.62,7.23
-97.767021,30.29561,2004,8,18,231,2004-08-18,13.49,27.56,23,2.58,2.1,18.44,29.11,0.42,15.96,15.38,62.44,7.23
-97.7047,30.286574,2004,8,18,231,2004-08-18,13.49,27.56,23,2.58,2.1,18.44,29.11,0.42,15.96,15.38,62.44,7.23
-97.757073,30.222265,2004,8,18,231,2004-08-18,14.59,27.23,23.51,2.4,2.1,19.79,28.55,0.42,15.96,13.95,67.62,7.23
-97.785684,30.233928,2004,8,18,231,2004-08-18,14.59,27.23,23.51,2.4,2.1,19.79,28.55,0.42,15.96,13.95,67.62,7.23
-97.656581,30.401616,2004,8,18,231,2004-08-18,13.49,27.56,23,2.58,2.1,18.44,29.11,0.42,15.96,15.38,62.44,7.23
-97.756995,30.222376,2004,8,18,231,2004-08-18,14.59,27.23,23.51,2.4,2.1,19.79,28.55,0.42,15.96,13.95,67.62,7.23
-97.757689,30.336573,2004,8,18,231,2004-08-18,13.49,27.56,23,2.58,2.1,18.44,29.11,0.42,15.96,15.38,62.44,7.23
-97.802163,30.150678,2004,8,18,231,2004-08-18,14.59,27.23,23.51,2.4,2.1,19.79,28.55,0.42,15.96,13.95,67.62,7.23
-97.705235,30.185961,2004,8,18,231,2004-08-18,14.59,27.23,23.51,2.4,2.1,19.79,28.55,0.42,15.96,13.95,67.62,7.23
-97.780544,30.266158,2004,8,18,231,2004-08-18,13.49,27.56,23,2.58,2.1,18.44,29.11,0.42,15.96,15.38,62.44,7.23
-97.800841,30.241969,2004,8,18,231,2004-08-18,14.59,27.23,23.51,2.4,2.1,19.79,28.55,0.42,15.96,13.95,67.62,7.23
-97.800838,30.233906,2004,8,18,231,2004-08-18,14.59,27.23,23.51,2.4,2.1,19.79,28.55,0.42,15.96,13.95,67.62,7.23
-97.737831,30.365972,2004,8,18,231,2004-08-18,13.49,27.56,23,2.58,2.1,18.44,29.11,0.42,15.96,15.38,62.44,7.23
-97.738656,30.359968,2004,8,18,231,2004-08-18,13.49,27.56,23,2.58,2.1,18.44,29.11,0.42,15.96,15.38,62.44,7.23
-97.691881,30.236482,2004,8,18,231,2004-08-18,14.59,27.23,23.51,2.4,2.1,19.79,28.55,0.42,15.96,13.95,67.62,7.23
-97.744089,30.293998,2004,8,18,231,2004-08-18,13.49,27.56,23,2.58,2.1,18.44,29.11,0.42,15.96,15.38,62.44,7.23
-97.739116,30.265997,2004,8,18,231,2004-08-18,13.49,27.56,23,2.58,2.1,18.44,29.11,0.42,15.96,15.38,62.44,7.23
-97.711149,30.214239,2004,8,18,231,2004-08-18,14.59,27.23,23.51,2.4,2.1,19.79,28.55,0.42,15.96,13.95,67.62,7.23
-97.805051,30.254141,2004,8,18,231,2004-08-18,13.49,27.56,23,2.58,2.1,18.44,29.11,0.42,15.96,15.38,62.44,7.23
-97.811655,30.229372,2004,8,18,231,2004-08-18,14.59,27.23,23.51,2.4,2.1,19.79,28.55,0.42,15.96,13.95,67.62,7.23
-97.672214,30.403174,2004,8,18,231,2004-08-18,13.49,27.56,23,2.58,2.1,18.44,29.11,0.42,15.96,15.38,62.44,7.23
-97.714193,30.374664,2004,8,18,231,2004-08-18,13.49,27.56,23,2.58,2.1,18.44,29.11,0.42,15.96,15.38,62.44,7.23
-97.726415,30.213639,2004,8,18,231,2004-08-18,14.59,27.23,23.51,2.4,2.1,19.79,28.55,0.42,15.96,13.95,67.62,7.23
-97.782546,30.234947,2004,8,18,231,2004-08-18,14.59,27.23,23.51,2.4,2.1,19.79,28.55,0.42,15.96,13.95,67.62,7.23
-97.745792,30.275265,2004,8,18,231,2004-08-18,13.49,27.56,23,2.58,2.1,18.44,29.11,0.42,15.96,15.38,62.44,7.23
-97.710595,30.330813,2004,8,18,231,2004-08-18,13.49,27.56,23,2.58,2.1,18.44,29.11,0.42,15.96,15.38,62.44,7.23
-97.877721,30.253671,2004,8,18,231,2004-08-18,13.49,27.26,22.72,2.74,2.1,18.17,28.74,0.42,15.96,14.34,61.56,7.23
-97.815889,30.242033,2004,8,18,231,2004-08-18,14.34,27.09,23.19,2.7,2.1,19.3,28.58,0.42,15.96,12.88,65.75,7.23
-97.737188,30.359076,2004,8,18,231,2004-08-18,13.49,27.56,23,2.58,2.1,18.44,29.11,0.42,15.96,15.38,62.44,7.23
-97.730117,30.214152,2004,8,18,231,2004-08-18,14.59,27.23,23.51,2.4,2.1,19.79,28.55,0.42,15.96,13.95,67.62,7.23
-97.743664,30.306434,2004,8,18,231,2004-08-18,13.49,27.56,23,2.58,2.1,18.44,29.11,0.42,15.96,15.38,62.44,7.23
-97.835931,30.219348,2004,8,18,231,2004-08-18,14.34,27.09,23.19,2.7,2.1,19.3,28.58,0.42,15.96,12.88,65.75,7.23
-97.819419,30.172788,2004,8,18,231,2004-08-18,14.34,27.09,23.19,2.7,2.1,19.3,28.58,0.42,15.96,12.88,65.75,7.23
-97.672214,30.403174,2004,8,18,231,2004-08-18,13.49,27.56,23,2.58,2.1,18.44,29.11,0.42,15.96,15.38,62.44,7.23
-97.692526,30.379094,2004,8,18,231,2004-08-18,13.49,27.56,23,2.58,2.1,18.44,29.11,0.42,15.96,15.38,62.44,7.23
-97.705235,30.185961,2004,8,18,231,2004-08-18,14.59,27.23,23.51,2.4,2.1,19.79,28.55,0.42,15.96,13.95,67.62,7.23
-97.74542,30.385777,2004,8,18,231,2004-08-18,13.49,27.56,23,2.58,2.1,18.44,29.11,0.42,15.96,15.38,62.44,7.23
-97.797771,30.215236,2004,8,18,231,2004-08-18,14.59,27.23,23.51,2.4,2.1,19.79,28.55,0.42,15.96,13.95,67.62,7.23
-97.657488,30.314358,2004,8,18,231,2004-08-18,13.49,27.56,23,2.58,2.1,18.44,29.11,0.42,15.96,15.38,62.44,7.23
-97.647835,30.300838,2004,8,18,231,2004-08-18,13.49,27.56,23,2.58,2.1,18.44,29.11,0.42,15.96,15.38,62.44,7.23
-97.847562,30.391744,2004,8,18,231,2004-08-18,13.49,27.26,22.72,2.74,2.1,18.17,28.74,0.42,15.96,14.34,61.56,7.23
-97.760581,30.278077,2004,8,18,231,2004-08-18,13.49,27.56,23,2.58,2.1,18.44,29.11,0.42,15.96,15.38,62.44,7.23
-97.61937,30.245245,2004,8,18,231,2004-08-18,14.59,27.23,23.51,2.4,2.1,19.79,28.55,0.42,15.96,13.95,67.62,7.23
-97.753644,30.22651,2004,8,18,231,2004-08-18,14.59,27.23,23.51,2.4,2.1,19.79,28.55,0.42,15.96,13.95,67.62,7.23
-97.756258,30.227797,2004,8,18,231,2004-08-18,14.59,27.23,23.51,2.4,2.1,19.79,28.55,0.42,15.96,13.95,67.62,7.23
-97.698125,30.255645,2004,8,18,231,2004-08-18,13.49,27.56,23,2.58,2.1,18.44,29.11,0.42,15.96,15.38,62.44,7.23
-97.87991,30.24423,2004,8,18,231,2004-08-18,14.34,27.09,23.19,2.7,2.1,19.3,28.58,0.42,15.96,12.88,65.75,7.23
-97.704957,30.302549,2004,8,18,231,2004-08-18,13.49,27.56,23,2.58,2.1,18.44,29.11,0.42,15.96,15.38,62.44,7.23
-97.893207,30.216597,2004,8,18,231,2004-08-18,14.34,27.09,23.19,2.7,2.1,19.3,28.58,0.42,15.96,12.88,65.75,7.23
-97.694375,30.367761,2004,8,18,231,2004-08-18,13.49,27.56,23,2.58,2.1,18.44,29.11,0.42,15.96,15.38,62.44,7.23
-97.753552,30.353534,2004,8,18,231,2004-08-18,13.49,27.56,23,2.58,2.1,18.44,29.11,0.42,15.96,15.38,62.44,7.23
-97.697084,30.337909,2004,8,18,231,2004-08-18,13.49,27.56,23,2.58,2.1,18.44,29.11,0.42,15.96,15.38,62.44,7.23
-97.809897,30.334958,2004,8,18,231,2004-08-18,13.49,27.56,23,2.58,2.1,18.44,29.11,0.42,15.96,15.38,62.44,7.23
-97.824496,30.226841,2004,8,18,231,2004-08-18,14.34,27.09,23.19,2.7,2.1,19.3,28.58,0.42,15.96,12.88,65.75,7.23
-97.847562,30.391744,2004,8,18,231,2004-08-18,13.49,27.26,22.72,2.74,2.1,18.17,28.74,0.42,15.96,14.34,61.56,7.23
-97.676557,30.338565,2004,8,18,231,2004-08-18,13.49,27.56,23,2.58,2.1,18.44,29.11,0.42,15.96,15.38,62.44,7.23
-97.735103,30.349253,2004,8,18,231,2004-08-18,13.49,27.56,23,2.58,2.1,18.44,29.11,0.42,15.96,15.38,62.44,7.23
-97.732243,30.432211,2004,8,18,231,2004-08-18,13.49,27.56,23,2.58,2.1,18.44,29.11,0.42,15.96,15.38,62.44,7.23
-97.754186,30.259803,2004,8,18,231,2004-08-18,13.49,27.56,23,2.58,2.1,18.44,29.11,0.42,15.96,15.38,62.44,7.23
-97.67155,30.330256,2004,8,18,231,2004-08-18,13.49,27.56,23,2.58,2.1,18.44,29.11,0.42,15.96,15.38,62.44,7.23
-97.741918,30.270471,2004,8,18,231,2004-08-18,13.49,27.56,23,2.58,2.1,18.44,29.11,0.42,15.96,15.38,62.44,7.23
-97.705878,30.367956,2004,8,18,231,2004-08-18,13.49,27.56,23,2.58,2.1,18.44,29.11,0.42,15.96,15.38,62.44,7.23
-97.731553,30.396975,2004,8,18,231,2004-08-18,13.49,27.56,23,2.58,2.1,18.44,29.11,0.42,15.96,15.38,62.44,7.23
-97.692681,30.25456,2004,8,18,231,2004-08-18,13.49,27.56,23,2.58,2.1,18.44,29.11,0.42,15.96,15.38,62.44,7.23
-97.757887,30.428932,2004,8,18,231,2004-08-18,13.49,27.56,23,2.58,2.1,18.44,29.11,0.42,15.96,15.38,62.44,7.23
-97.716959,30.362047,2004,8,18,231,2004-08-18,13.49,27.56,23,2.58,2.1,18.44,29.11,0.42,15.96,15.38,62.44,7.23
-97.671564,30.335801,2004,8,18,231,2004-08-18,13.49,27.56,23,2.58,2.1,18.44,29.11,0.42,15.96,15.38,62.44,7.23
-97.706172,30.352939,2004,8,18,231,2004-08-18,13.49,27.56,23,2.58,2.1,18.44,29.11,0.42,15.96,15.38,62.44,7.23
-97.785313,30.263664,2004,8,18,231,2004-08-18,13.49,27.56,23,2.58,2.1,18.44,29.11,0.42,15.96,15.38,62.44,7.23
-97.756258,30.227797,2004,8,18,231,2004-08-18,14.59,27.23,23.51,2.4,2.1,19.79,28.55,0.42,15.96,13.95,67.62,7.23
-97.753644,30.22651,2004,8,18,231,2004-08-18,14.59,27.23,23.51,2.4,2.1,19.79,28.55,0.42,15.96,13.95,67.62,7.23
-97.745842,30.405013,2004,8,18,231,2004-08-18,13.49,27.56,23,2.58,2.1,18.44,29.11,0.42,15.96,15.38,62.44,7.23
-97.840375,30.222911,2004,8,18,231,2004-08-18,14.34,27.09,23.19,2.7,2.1,19.3,28.58,0.42,15.96,12.88,65.75,7.23
-97.640492,30.310982,2004,8,18,231,2004-08-18,13.49,27.56,23,2.58,2.1,18.44,29.11,0.42,15.96,15.38,62.44,7.23
-97.752225,30.391187,2004,8,18,231,2004-08-18,13.49,27.56,23,2.58,2.1,18.44,29.11,0.42,15.96,15.38,62.44,7.23
-97.751771,30.241044,2004,8,18,231,2004-08-18,14.59,27.23,23.51,2.4,2.1,19.79,28.55,0.42,15.96,13.95,67.62,7.23
-97.840375,30.222911,2004,8,18,231,2004-08-18,14.34,27.09,23.19,2.7,2.1,19.3,28.58,0.42,15.96,12.88,65.75,7.23
-97.81441,30.174956,2004,8,18,231,2004-08-18,14.34,27.09,23.19,2.7,2.1,19.3,28.58,0.42,15.96,12.88,65.75,7.23
-97.689635,30.323972,2004,8,18,231,2004-08-18,13.49,27.56,23,2.58,2.1,18.44,29.11,0.42,15.96,15.38,62.44,7.23
-97.664786,30.421176,2004,8,18,231,2004-08-18,13.49,27.56,23,2.58,2.1,18.44,29.11,0.42,15.96,15.38,62.44,7.23
-97.738465,30.388119,2004,8,18,231,2004-08-18,13.49,27.56,23,2.58,2.1,18.44,29.11,0.42,15.96,15.38,62.44,7.23
-97.76012,30.221408,2004,8,18,231,2004-08-18,14.59,27.23,23.51,2.4,2.1,19.79,28.55,0.42,15.96,13.95,67.62,7.23
-97.876136,30.253696,2004,8,18,231,2004-08-18,13.49,27.26,22.72,2.74,2.1,18.17,28.74,0.42,15.96,14.34,61.56,7.23
-97.753644,30.22651,2004,8,18,231,2004-08-18,14.59,27.23,23.51,2.4,2.1,19.79,28.55,0.42,15.96,13.95,67.62,7.23
-97.750672,30.257361,2004,8,18,231,2004-08-18,13.49,27.56,23,2.58,2.1,18.44,29.11,0.42,15.96,15.38,62.44,7.23
-97.733672,30.272732,2004,8,18,231,2004-08-18,13.49,27.56,23,2.58,2.1,18.44,29.11,0.42,15.96,15.38,62.44,7.23
-97.774059,30.47075,2004,8,18,231,2004-08-18,13.49,27.56,23,2.58,2.1,18.44,29.11,0.42,15.96,15.38,62.44,7.23
-97.805734,30.24564,2004,8,18,231,2004-08-18,14.59,27.23,23.51,2.4,2.1,19.79,28.55,0.42,15.96,13.95,67.62,7.23
-97.678671,30.333031,2004,8,18,231,2004-08-18,13.49,27.56,23,2.58,2.1,18.44,29.11,0.42,15.96,15.38,62.44,7.23
-97.812301,30.192192,2004,8,18,231,2004-08-18,14.59,27.23,23.51,2.4,2.1,19.79,28.55,0.42,15.96,13.95,67.62,7.23
-97.716053,30.325973,2004,8,18,231,2004-08-18,13.49,27.56,23,2.58,2.1,18.44,29.11,0.42,15.96,15.38,62.44,7.23
-97.741595,30.188923,2004,8,18,231,2004-08-18,14.59,27.23,23.51,2.4,2.1,19.79,28.55,0.42,15.96,13.95,67.62,7.23
-97.723978,30.402918,2004,8,18,231,2004-08-18,13.49,27.56,23,2.58,2.1,18.44,29.11,0.42,15.96,15.38,62.44,7.23
-97.676066,30.302021,2004,8,18,231,2004-08-18,13.49,27.56,23,2.58,2.1,18.44,29.11,0.42,15.96,15.38,62.44,7.23
-97.744358,30.263871,2004,8,18,231,2004-08-18,13.49,27.56,23,2.58,2.1,18.44,29.11,0.42,15.96,15.38,62.44,7.23
-97.847562,30.391744,2004,8,18,231,2004-08-18,13.49,27.26,22.72,2.74,2.1,18.17,28.74,0.42,15.96,14.34,61.56,7.23
-97.790386,30.261679,2004,8,18,231,2004-08-18,13.49,27.56,23,2.58,2.1,18.44,29.11,0.42,15.96,15.38,62.44,7.23
-97.729849,30.375858,2004,8,18,231,2004-08-18,13.49,27.56,23,2.58,2.1,18.44,29.11,0.42,15.96,15.38,62.44,7.23
-97.75631,30.214449,2004,8,18,231,2004-08-18,14.59,27.23,23.51,2.4,2.1,19.79,28.55,0.42,15.96,13.95,67.62,7.23
-97.753644,30.22651,2004,8,18,231,2004-08-18,14.59,27.23,23.51,2.4,2.1,19.79,28.55,0.42,15.96,13.95,67.62,7.23
-97.811655,30.229372,2004,8,18,231,2004-08-18,14.59,27.23,23.51,2.4,2.1,19.79,28.55,0.42,15.96,13.95,67.62,7.23
-97.753644,30.22651,2004,8,18,231,2004-08-18,14.59,27.23,23.51,2.4,2.1,19.79,28.55,0.42,15.96,13.95,67.62,7.23
-97.68842,30.333876,2004,8,18,231,2004-08-18,13.49,27.56,23,2.58,2.1,18.44,29.11,0.42,15.96,15.38,62.44,7.23
-97.67666,30.339278,2004,8,18,231,2004-08-18,13.49,27.56,23,2.58,2.1,18.44,29.11,0.42,15.96,15.38,62.44,7.23
-97.856886,30.18914,2004,8,18,231,2004-08-18,14.34,27.09,23.19,2.7,2.1,19.3,28.58,0.42,15.96,12.88,65.75,7.23
-97.773191,30.312717,2004,8,18,231,2004-08-18,13.49,27.56,23,2.58,2.1,18.44,29.11,0.42,15.96,15.38,62.44,7.23
-97.74501,30.40482,2004,8,18,231,2004-08-18,13.49,27.56,23,2.58,2.1,18.44,29.11,0.42,15.96,15.38,62.44,7.23
-97.732924,30.352712,2004,8,18,231,2004-08-18,13.49,27.56,23,2.58,2.1,18.44,29.11,0.42,15.96,15.38,62.44,7.23
-97.756258,30.227797,2004,8,18,231,2004-08-18,14.59,27.23,23.51,2.4,2.1,19.79,28.55,0.42,15.96,13.95,67.62,7.23
-97.676972,30.347916,2004,8,18,231,2004-08-18,13.49,27.56,23,2.58,2.1,18.44,29.11,0.42,15.96,15.38,62.44,7.23
-97.692783,30.255223,2004,8,18,231,2004-08-18,13.49,27.56,23,2.58,2.1,18.44,29.11,0.42,15.96,15.38,62.44,7.23
-97.742012,30.270219,2004,8,18,231,2004-08-18,13.49,27.56,23,2.58,2.1,18.44,29.11,0.42,15.96,15.38,62.44,7.23
-97.771937,30.19096,2004,8,18,231,2004-08-18,14.59,27.23,23.51,2.4,2.1,19.79,28.55,0.42,15.96,13.95,67.62,7.23
-97.756258,30.227797,2004,8,18,231,2004-08-18,14.59,27.23,23.51,2.4,2.1,19.79,28.55,0.42,15.96,13.95,67.62,7.23
-97.746122,30.401922,2004,8,18,231,2004-08-18,13.49,27.56,23,2.58,2.1,18.44,29.11,0.42,15.96,15.38,62.44,7.23
-97.826287,30.286392,2004,8,18,231,2004-08-18,13.49,27.26,22.72,2.74,2.1,18.17,28.74,0.42,15.96,14.34,61.56,7.23
-97.696604,30.263918,2004,8,18,231,2004-08-18,13.49,27.56,23,2.58,2.1,18.44,29.11,0.42,15.96,15.38,62.44,7.23
-97.759993,30.250252,2004,8,18,231,2004-08-18,13.49,27.56,23,2.58,2.1,18.44,29.11,0.42,15.96,15.38,62.44,7.23
-97.720737,30.277589,2004,8,18,231,2004-08-18,13.49,27.56,23,2.58,2.1,18.44,29.11,0.42,15.96,15.38,62.44,7.23
-97.724605,30.381209,2004,8,18,231,2004-08-18,13.49,27.56,23,2.58,2.1,18.44,29.11,0.42,15.96,15.38,62.44,7.23
-97.681265,30.340319,2004,8,18,231,2004-08-18,13.49,27.56,23,2.58,2.1,18.44,29.11,0.42,15.96,15.38,62.44,7.23
-97.73514,30.3037,2004,8,18,231,2004-08-18,13.49,27.56,23,2.58,2.1,18.44,29.11,0.42,15.96,15.38,62.44,7.23
-97.753644,30.22651,2004,8,18,231,2004-08-18,14.59,27.23,23.51,2.4,2.1,19.79,28.55,0.42,15.96,13.95,67.62,7.23
-97.847562,30.391744,2004,8,18,231,2004-08-18,13.49,27.26,22.72,2.74,2.1,18.17,28.74,0.42,15.96,14.34,61.56,7.23
-97.775872,30.498709,2004,8,18,231,2004-08-18,13.49,27.56,23,2.58,2.1,18.44,29.11,0.42,15.96,15.38,62.44,7.23
-97.662939,30.335971,2004,8,18,231,2004-08-18,13.49,27.56,23,2.58,2.1,18.44,29.11,0.42,15.96,15.38,62.44,7.23
-97.722634,30.371037,2004,8,18,231,2004-08-18,13.49,27.56,23,2.58,2.1,18.44,29.11,0.42,15.96,15.38,62.44,7.23
-97.689635,30.323972,2004,8,18,231,2004-08-18,13.49,27.56,23,2.58,2.1,18.44,29.11,0.42,15.96,15.38,62.44,7.23
-97.660946,30.318482,2004,8,18,231,2004-08-18,13.49,27.56,23,2.58,2.1,18.44,29.11,0.42,15.96,15.38,62.44,7.23
-97.72729,30.326893,2004,8,18,231,2004-08-18,13.49,27.56,23,2.58,2.1,18.44,29.11,0.42,15.96,15.38,62.44,7.23
-97.735134,30.377241,2004,8,18,231,2004-08-18,13.49,27.56,23,2.58,2.1,18.44,29.11,0.42,15.96,15.38,62.44,7.23
-97.672097,30.348143,2004,8,18,231,2004-08-18,13.49,27.56,23,2.58,2.1,18.44,29.11,0.42,15.96,15.38,62.44,7.23
-97.756258,30.227797,2004,8,18,231,2004-08-18,14.59,27.23,23.51,2.4,2.1,19.79,28.55,0.42,15.96,13.95,67.62,7.23
-97.767667,30.399049,2004,8,18,231,2004-08-18,13.49,27.56,23,2.58,2.1,18.44,29.11,0.42,15.96,15.38,62.44,7.23
-97.714009,30.345838,2004,8,18,231,2004-08-18,13.49,27.56,23,2.58,2.1,18.44,29.11,0.42,15.96,15.38,62.44,7.23
-97.840909,30.20397,2004,8,18,231,2004-08-18,14.34,27.09,23.19,2.7,2.1,19.3,28.58,0.42,15.96,12.88,65.75,7.23
-97.672734,30.403299,2004,8,18,231,2004-08-18,13.49,27.56,23,2.58,2.1,18.44,29.11,0.42,15.96,15.38,62.44,7.23
-97.753644,30.22651,2004,8,18,231,2004-08-18,14.59,27.23,23.51,2.4,2.1,19.79,28.55,0.42,15.96,13.95,67.62,7.23
-97.720467,30.37511,2004,8,18,231,2004-08-18,13.49,27.56,23,2.58,2.1,18.44,29.11,0.42,15.96,15.38,62.44,7.23
-97.781258,30.440294,2004,8,18,231,2004-08-18,13.49,27.56,23,2.58,2.1,18.44,29.11,0.42,15.96,15.38,62.44,7.23
-97.756258,30.227797,2004,8,18,231,2004-08-18,14.59,27.23,23.51,2.4,2.1,19.79,28.55,0.42,15.96,13.95,67.62,7.23
-97.750976,30.2704,2004,8,18,231,2004-08-18,13.49,27.56,23,2.58,2.1,18.44,29.11,0.42,15.96,15.38,62.44,7.23
-97.831101,30.28975,2004,8,18,231,2004-08-18,13.49,27.26,22.72,2.74,2.1,18.17,28.74,0.42,15.96,14.34,61.56,7.23
-97.727282,30.369801,2004,8,18,231,2004-08-18,13.49,27.56,23,2.58,2.1,18.44,29.11,0.42,15.96,15.38,62.44,7.23
-97.720176,30.367213,2004,8,18,231,2004-08-18,13.49,27.56,23,2.58,2.1,18.44,29.11,0.42,15.96,15.38,62.44,7.23
-97.738464,30.35873,2004,8,18,231,2004-08-18,13.49,27.56,23,2.58,2.1,18.44,29.11,0.42,15.96,15.38,62.44,7.23
-97.698048,30.338354,2004,8,18,231,2004-08-18,13.49,27.56,23,2.58,2.1,18.44,29.11,0.42,15.96,15.38,62.44,7.23
-97.670705,30.211907,2004,8,18,231,2004-08-18,14.59,27.23,23.51,2.4,2.1,19.79,28.55,0.42,15.96,13.95,67.62,7.23
-97.740491,30.27033,2004,8,18,231,2004-08-18,13.49,27.56,23,2.58,2.1,18.44,29.11,0.42,15.96,15.38,62.44,7.23
-97.801322,30.348523,2004,8,18,231,2004-08-18,13.49,27.56,23,2.58,2.1,18.44,29.11,0.42,15.96,15.38,62.44,7.23
-97.741693,30.271065,2004,8,18,231,2004-08-18,13.49,27.56,23,2.58,2.1,18.44,29.11,0.42,15.96,15.38,62.44,7.23
-97.694039,30.096556,2004,8,18,231,2004-08-18,14.59,27.23,23.51,2.4,2.1,19.79,28.55,0.42,15.96,13.95,67.62,7.23
-97.79851,30.237495,2004,8,18,231,2004-08-18,14.59,27.23,23.51,2.4,2.1,19.79,28.55,0.42,15.96,13.95,67.62,7.23
-97.656224,30.316964,2004,8,18,231,2004-08-18,13.49,27.56,23,2.58,2.1,18.44,29.11,0.42,15.96,15.38,62.44,7.23
-97.849186,30.40515,2004,8,18,231,2004-08-18,13.49,27.26,22.72,2.74,2.1,18.17,28.74,0.42,15.96,14.34,61.56,7.23
-97.745444,30.268091,2004,8,18,231,2004-08-18,13.49,27.56,23,2.58,2.1,18.44,29.11,0.42,15.96,15.38,62.44,7.23
-97.741149,30.37853,2004,8,18,231,2004-08-18,13.49,27.56,23,2.58,2.1,18.44,29.11,0.42,15.96,15.38,62.44,7.23
-97.753644,30.22651,2004,8,18,231,2004-08-18,14.59,27.23,23.51,2.4,2.1,19.79,28.55,0.42,15.96,13.95,67.62,7.23
-97.824429,30.171839,2004,8,18,231,2004-08-18,14.34,27.09,23.19,2.7,2.1,19.3,28.58,0.42,15.96,12.88,65.75,7.23
-97.695129,30.366401,2004,8,18,231,2004-08-18,13.49,27.56,23,2.58,2.1,18.44,29.11,0.42,15.96,15.38,62.44,7.23
-97.741319,30.268086,2004,8,18,231,2004-08-18,13.49,27.56,23,2.58,2.1,18.44,29.11,0.42,15.96,15.38,62.44,7.23
-97.705011,30.272213,2004,8,18,231,2004-08-18,13.49,27.56,23,2.58,2.1,18.44,29.11,0.42,15.96,15.38,62.44,7.23
-97.780544,30.266158,2004,8,18,231,2004-08-18,13.49,27.56,23,2.58,2.1,18.44,29.11,0.42,15.96,15.38,62.44,7.23
-97.754756,30.2374,2004,8,18,231,2004-08-18,14.59,27.23,23.51,2.4,2.1,19.79,28.55,0.42,15.96,13.95,67.62,7.23
-97.720745,30.371003,2004,8,18,231,2004-08-18,13.49,27.56,23,2.58,2.1,18.44,29.11,0.42,15.96,15.38,62.44,7.23
-97.688707,30.380042,2004,8,18,231,2004-08-18,13.49,27.56,23,2.58,2.1,18.44,29.11,0.42,15.96,15.38,62.44,7.23
-97.6899,30.216924,2004,8,18,231,2004-08-18,14.59,27.23,23.51,2.4,2.1,19.79,28.55,0.42,15.96,13.95,67.62,7.23
-97.796047,30.474402,2004,8,18,231,2004-08-18,13.49,27.56,23,2.58,2.1,18.44,29.11,0.42,15.96,15.38,62.44,7.23
-97.826228,30.310497,2004,8,18,231,2004-08-18,13.49,27.26,22.72,2.74,2.1,18.17,28.74,0.42,15.96,14.34,61.56,7.23
-97.669448,30.342996,2004,8,18,231,2004-08-18,13.49,27.56,23,2.58,2.1,18.44,29.11,0.42,15.96,15.38,62.44,7.23
-97.663437,30.335186,2004,8,18,231,2004-08-18,13.49,27.56,23,2.58,2.1,18.44,29.11,0.42,15.96,15.38,62.44,7.23
-97.689635,30.323972,2004,8,18,231,2004-08-18,13.49,27.56,23,2.58,2.1,18.44,29.11,0.42,15.96,15.38,62.44,7.23
-97.741147,30.379576,2004,8,18,231,2004-08-18,13.49,27.56,23,2.58,2.1,18.44,29.11,0.42,15.96,15.38,62.44,7.23
-97.745218,30.306154,2004,8,18,231,2004-08-18,13.49,27.56,23,2.58,2.1,18.44,29.11,0.42,15.96,15.38,62.44,7.23
-97.741191,30.380764,2004,8,18,231,2004-08-18,13.49,27.56,23,2.58,2.1,18.44,29.11,0.42,15.96,15.38,62.44,7.23
-97.617693,30.307199,2004,8,18,231,2004-08-18,13.49,27.56,23,2.58,2.1,18.44,29.11,0.42,15.96,15.38,62.44,7.23
-97.753644,30.22651,2004,8,18,231,2004-08-18,14.59,27.23,23.51,2.4,2.1,19.79,28.55,0.42,15.96,13.95,67.62,7.23
-97.846119,30.232121,2004,8,18,231,2004-08-18,14.34,27.09,23.19,2.7,2.1,19.3,28.58,0.42,15.96,12.88,65.75,7.23
-97.738488,30.366611,2004,8,18,231,2004-08-18,13.49,27.56,23,2.58,2.1,18.44,29.11,0.42,15.96,15.38,62.44,7.23
-97.718846,30.353261,2004,8,18,231,2004-08-18,13.49,27.56,23,2.58,2.1,18.44,29.11,0.42,15.96,15.38,62.44,7.23
-97.745597,30.386788,2004,8,18,231,2004-08-18,13.49,27.56,23,2.58,2.1,18.44,29.11,0.42,15.96,15.38,62.44,7.23
-97.742044,30.428454,2004,8,18,231,2004-08-18,13.49,27.56,23,2.58,2.1,18.44,29.11,0.42,15.96,15.38,62.44,7.23
-97.726013,30.374521,2004,8,18,231,2004-08-18,13.49,27.56,23,2.58,2.1,18.44,29.11,0.42,15.96,15.38,62.44,7.23
-97.750041,30.39327,2004,8,18,231,2004-08-18,13.49,27.56,23,2.58,2.1,18.44,29.11,0.42,15.96,15.38,62.44,7.23
-97.752379,30.391124,2004,8,18,231,2004-08-18,13.49,27.56,23,2.58,2.1,18.44,29.11,0.42,15.96,15.38,62.44,7.23
-97.755621,30.198004,2004,8,18,231,2004-08-18,14.59,27.23,23.51,2.4,2.1,19.79,28.55,0.42,15.96,13.95,67.62,7.23
-97.756258,30.227797,2004,8,18,231,2004-08-18,14.59,27.23,23.51,2.4,2.1,19.79,28.55,0.42,15.96,13.95,67.62,7.23
-97.687898,30.215613,2004,8,18,231,2004-08-18,14.59,27.23,23.51,2.4,2.1,19.79,28.55,0.42,15.96,13.95,67.62,7.23
-97.677199,30.341853,2004,8,18,231,2004-08-18,13.49,27.56,23,2.58,2.1,18.44,29.11,0.42,15.96,15.38,62.44,7.23
-97.664361,30.421202,2004,8,18,231,2004-08-18,13.49,27.56,23,2.58,2.1,18.44,29.11,0.42,15.96,15.38,62.44,7.23
-97.753644,30.22651,2004,8,18,231,2004-08-18,14.59,27.23,23.51,2.4,2.1,19.79,28.55,0.42,15.96,13.95,67.62,7.23
-97.751918,30.270768,2004,8,18,231,2004-08-18,13.49,27.56,23,2.58,2.1,18.44,29.11,0.42,15.96,15.38,62.44,7.23
-97.722433,30.266717,2004,8,18,231,2004-08-18,13.49,27.56,23,2.58,2.1,18.44,29.11,0.42,15.96,15.38,62.44,7.23
-97.743197,30.427989,2004,8,18,231,2004-08-18,13.49,27.56,23,2.58,2.1,18.44,29.11,0.42,15.96,15.38,62.44,7.23
-97.753644,30.22651,2004,8,18,231,2004-08-18,14.59,27.23,23.51,2.4,2.1,19.79,28.55,0.42,15.96,13.95,67.62,7.23
-97.753552,30.353534,2004,8,18,231,2004-08-18,13.49,27.56,23,2.58,2.1,18.44,29.11,0.42,15.96,15.38,62.44,7.23
-97.798194,30.237,2004,8,18,231,2004-08-18,14.59,27.23,23.51,2.4,2.1,19.79,28.55,0.42,15.96,13.95,67.62,7.23
-97.693046,30.256885,2004,8,18,231,2004-08-18,13.49,27.56,23,2.58,2.1,18.44,29.11,0.42,15.96,15.38,62.44,7.23
-97.673667,30.331526,2004,8,18,231,2004-08-18,13.49,27.56,23,2.58,2.1,18.44,29.11,0.42,15.96,15.38,62.44,7.23
-97.753644,30.22651,2004,8,18,231,2004-08-18,14.59,27.23,23.51,2.4,2.1,19.79,28.55,0.42,15.96,13.95,67.62,7.23
-97.794053,30.480494,2004,8,18,231,2004-08-18,13.49,27.56,23,2.58,2.1,18.44,29.11,0.42,15.96,15.38,62.44,7.23
-97.713053,30.378075,2004,8,18,231,2004-08-18,13.49,27.56,23,2.58,2.1,18.44,29.11,0.42,15.96,15.38,62.44,7.23
-97.801317,30.354163,2004,8,18,231,2004-08-18,13.49,27.56,23,2.58,2.1,18.44,29.11,0.42,15.96,15.38,62.44,7.23
-97.732977,30.275055,2004,8,18,231,2004-08-18,13.49,27.56,23,2.58,2.1,18.44,29.11,0.42,15.96,15.38,62.44,7.23
-97.753644,30.22651,2004,8,18,231,2004-08-18,14.59,27.23,23.51,2.4,2.1,19.79,28.55,0.42,15.96,13.95,67.62,7.23
-97.714082,30.376464,2004,8,18,231,2004-08-18,13.49,27.56,23,2.58,2.1,18.44,29.11,0.42,15.96,15.38,62.44,7.23
-97.763751,30.181372,2004,8,18,231,2004-08-18,14.59,27.23,23.51,2.4,2.1,19.79,28.55,0.42,15.96,13.95,67.62,7.23
-97.848441,30.185567,2004,8,18,231,2004-08-18,14.34,27.09,23.19,2.7,2.1,19.3,28.58,0.42,15.96,12.88,65.75,7.23
-97.731564,30.375107,2004,8,18,231,2004-08-18,13.49,27.56,23,2.58,2.1,18.44,29.11,0.42,15.96,15.38,62.44,7.23
-97.674135,30.353639,2004,8,18,231,2004-08-18,13.49,27.56,23,2.58,2.1,18.44,29.11,0.42,15.96,15.38,62.44,7.23
-97.721525,30.373119,2004,8,18,231,2004-08-18,13.49,27.56,23,2.58,2.1,18.44,29.11,0.42,15.96,15.38,62.44,7.23
-97.732719,30.383231,2004,8,18,231,2004-08-18,13.49,27.56,23,2.58,2.1,18.44,29.11,0.42,15.96,15.38,62.44,7.23
-97.692348,30.186574,2004,8,18,231,2004-08-18,14.59,27.23,23.51,2.4,2.1,19.79,28.55,0.42,15.96,13.95,67.62,7.23
-97.74501,30.40482,2004,8,18,231,2004-08-18,13.49,27.56,23,2.58,2.1,18.44,29.11,0.42,15.96,15.38,62.44,7.23
-97.736645,30.266325,2004,8,18,231,2004-08-18,13.49,27.56,23,2.58,2.1,18.44,29.11,0.42,15.96,15.38,62.44,7.23
-97.749224,30.305798,2004,8,18,231,2004-08-18,13.49,27.56,23,2.58,2.1,18.44,29.11,0.42,15.96,15.38,62.44,7.23
-97.684581,30.253048,2004,8,18,231,2004-08-18,13.49,27.56,23,2.58,2.1,18.44,29.11,0.42,15.96,15.38,62.44,7.23
-97.740032,30.382116,2004,8,18,231,2004-08-18,13.49,27.56,23,2.58,2.1,18.44,29.11,0.42,15.96,15.38,62.44,7.23
-97.756258,30.227797,2004,8,18,231,2004-08-18,14.59,27.23,23.51,2.4,2.1,19.79,28.55,0.42,15.96,13.95,67.62,7.23
-97.697355,30.362517,2004,8,18,231,2004-08-18,13.49,27.56,23,2.58,2.1,18.44,29.11,0.42,15.96,15.38,62.44,7.23
-97.753644,30.22651,2004,8,18,231,2004-08-18,14.59,27.23,23.51,2.4,2.1,19.79,28.55,0.42,15.96,13.95,67.62,7.23
-97.693934,30.207146,2004,8,18,231,2004-08-18,14.59,27.23,23.51,2.4,2.1,19.79,28.55,0.42,15.96,13.95,67.62,7.23
-97.677046,30.341423,2004,8,18,231,2004-08-18,13.49,27.56,23,2.58,2.1,18.44,29.11,0.42,15.96,15.38,62.44,7.23
-97.788031,30.234747,2004,8,18,231,2004-08-18,14.59,27.23,23.51,2.4,2.1,19.79,28.55,0.42,15.96,13.95,67.62,7.23
-97.685804,30.333601,2004,8,18,231,2004-08-18,13.49,27.56,23,2.58,2.1,18.44,29.11,0.42,15.96,15.38,62.44,7.23
-97.687198,30.326754,2004,8,18,231,2004-08-18,13.49,27.56,23,2.58,2.1,18.44,29.11,0.42,15.96,15.38,62.44,7.23
-97.71293,30.378278,2004,8,18,231,2004-08-18,13.49,27.56,23,2.58,2.1,18.44,29.11,0.42,15.96,15.38,62.44,7.23
-97.703097,30.303928,2004,8,18,231,2004-08-18,13.49,27.56,23,2.58,2.1,18.44,29.11,0.42,15.96,15.38,62.44,7.23
-97.770354,30.470818,2004,8,18,231,2004-08-18,13.49,27.56,23,2.58,2.1,18.44,29.11,0.42,15.96,15.38,62.44,7.23
-97.746039,30.412349,2004,8,18,231,2004-08-18,13.49,27.56,23,2.58,2.1,18.44,29.11,0.42,15.96,15.38,62.44,7.23
-97.840375,30.222911,2004,8,18,231,2004-08-18,14.34,27.09,23.19,2.7,2.1,19.3,28.58,0.42,15.96,12.88,65.75,7.23
-97.71675,30.370165,2004,8,18,231,2004-08-18,13.49,27.56,23,2.58,2.1,18.44,29.11,0.42,15.96,15.38,62.44,7.23
-97.733566,30.381221,2004,8,18,231,2004-08-18,13.49,27.56,23,2.58,2.1,18.44,29.11,0.42,15.96,15.38,62.44,7.23
-97.678476,30.333289,2004,8,18,231,2004-08-18,13.49,27.56,23,2.58,2.1,18.44,29.11,0.42,15.96,15.38,62.44,7.23
-97.753644,30.22651,2004,8,18,231,2004-08-18,14.59,27.23,23.51,2.4,2.1,19.79,28.55,0.42,15.96,13.95,67.62,7.23
-97.709422,30.320922,2004,8,18,231,2004-08-18,13.49,27.56,23,2.58,2.1,18.44,29.11,0.42,15.96,15.38,62.44,7.23
-97.740011,30.362999,2004,8,18,231,2004-08-18,13.49,27.56,23,2.58,2.1,18.44,29.11,0.42,15.96,15.38,62.44,7.23
-97.794053,30.480494,2004,8,18,231,2004-08-18,13.49,27.56,23,2.58,2.1,18.44,29.11,0.42,15.96,15.38,62.44,7.23
-97.716672,30.361033,2004,8,18,231,2004-08-18,13.49,27.56,23,2.58,2.1,18.44,29.11,0.42,15.96,15.38,62.44,7.23
-97.805734,30.24564,2004,8,18,231,2004-08-18,14.59,27.23,23.51,2.4,2.1,19.79,28.55,0.42,15.96,13.95,67.62,7.23
-97.714446,30.368434,2004,8,18,231,2004-08-18,13.49,27.56,23,2.58,2.1,18.44,29.11,0.42,15.96,15.38,62.44,7.23
-97.728137,30.366472,2004,8,18,231,2004-08-18,13.49,27.56,23,2.58,2.1,18.44,29.11,0.42,15.96,15.38,62.44,7.23
-97.796559,30.479804,2004,8,18,231,2004-08-18,13.49,27.56,23,2.58,2.1,18.44,29.11,0.42,15.96,15.38,62.44,7.23
-97.727033,30.37077,2004,8,18,231,2004-08-18,13.49,27.56,23,2.58,2.1,18.44,29.11,0.42,15.96,15.38,62.44,7.23
-97.753644,30.22651,2004,8,18,231,2004-08-18,14.59,27.23,23.51,2.4,2.1,19.79,28.55,0.42,15.96,13.95,67.62,7.23
-97.753644,30.22651,2004,8,18,231,2004-08-18,14.59,27.23,23.51,2.4,2.1,19.79,28.55,0.42,15.96,13.95,67.62,7.23
-97.753644,30.22651,2004,8,18,231,2004-08-18,14.59,27.23,23.51,2.4,2.1,19.79,28.55,0.42,15.96,13.95,67.62,7.23
-97.753644,30.22651,2004,8,18,231,2004-08-18,14.59,27.23,23.51,2.4,2.1,19.79,28.55,0.42,15.96,13.95,67.62,7.23
-97.753376,30.387385,2004,8,18,231,2004-08-18,13.49,27.56,23,2.58,2.1,18.44,29.11,0.42,15.96,15.38,62.44,7.23
-97.744218,30.273607,2004,8,18,231,2004-08-18,13.49,27.56,23,2.58,2.1,18.44,29.11,0.42,15.96,15.38,62.44,7.23
-97.759499,30.388043,2004,8,18,231,2004-08-18,13.49,27.56,23,2.58,2.1,18.44,29.11,0.42,15.96,15.38,62.44,7.23
-97.774785,30.285249,2004,8,18,231,2004-08-18,13.49,27.56,23,2.58,2.1,18.44,29.11,0.42,15.96,15.38,62.44,7.23
-97.710274,30.36441,2004,8,18,231,2004-08-18,13.49,27.56,23,2.58,2.1,18.44,29.11,0.42,15.96,15.38,62.44,7.23
-97.741271,30.261889,2004,8,18,231,2004-08-18,13.49,27.56,23,2.58,2.1,18.44,29.11,0.42,15.96,15.38,62.44,7.23
-97.741488,30.371772,2004,8,18,231,2004-08-18,13.49,27.56,23,2.58,2.1,18.44,29.11,0.42,15.96,15.38,62.44,7.23
-97.791881,30.260856,2004,8,18,231,2004-08-18,13.49,27.56,23,2.58,2.1,18.44,29.11,0.42,15.96,15.38,62.44,7.23
-97.737152,30.22432,2004,8,18,231,2004-08-18,14.59,27.23,23.51,2.4,2.1,19.79,28.55,0.42,15.96,13.95,67.62,7.23
-97.756258,30.227797,2004,8,18,231,2004-08-18,14.59,27.23,23.51,2.4,2.1,19.79,28.55,0.42,15.96,13.95,67.62,7.23
-97.678136,30.25825,2004,8,18,231,2004-08-18,13.49,27.56,23,2.58,2.1,18.44,29.11,0.42,15.96,15.38,62.44,7.23
-97.684775,30.335141,2004,8,18,231,2004-08-18,13.49,27.56,23,2.58,2.1,18.44,29.11,0.42,15.96,15.38,62.44,7.23
-97.743199,30.278024,2004,8,18,231,2004-08-18,13.49,27.56,23,2.58,2.1,18.44,29.11,0.42,15.96,15.38,62.44,7.23
-97.740114,30.375499,2004,8,18,231,2004-08-18,13.49,27.56,23,2.58,2.1,18.44,29.11,0.42,15.96,15.38,62.44,7.23
-97.748991,30.212557,2004,8,18,231,2004-08-18,14.59,27.23,23.51,2.4,2.1,19.79,28.55,0.42,15.96,13.95,67.62,7.23
-97.78669,30.201044,2004,8,18,231,2004-08-18,14.59,27.23,23.51,2.4,2.1,19.79,28.55,0.42,15.96,13.95,67.62,7.23
-97.684433,30.233567,2004,8,18,231,2004-08-18,14.59,27.23,23.51,2.4,2.1,19.79,28.55,0.42,15.96,13.95,67.62,7.23
-97.775849,30.480727,2004,8,18,231,2004-08-18,13.49,27.56,23,2.58,2.1,18.44,29.11,0.42,15.96,15.38,62.44,7.23
-97.840375,30.222911,2004,8,18,231,2004-08-18,14.34,27.09,23.19,2.7,2.1,19.3,28.58,0.42,15.96,12.88,65.75,7.23
-97.78292,30.209029,2004,8,18,231,2004-08-18,14.59,27.23,23.51,2.4,2.1,19.79,28.55,0.42,15.96,13.95,67.62,7.23
-97.92881,30.398186,2004,8,18,231,2004-08-18,13.49,27.26,22.72,2.74,2.1,18.17,28.74,0.42,15.96,14.34,61.56,7.23
-97.663173,30.335603,2004,8,18,231,2004-08-18,13.49,27.56,23,2.58,2.1,18.44,29.11,0.42,15.96,15.38,62.44,7.23
-97.765414,30.216619,2004,8,18,231,2004-08-18,14.59,27.23,23.51,2.4,2.1,19.79,28.55,0.42,15.96,13.95,67.62,7.23
-97.745087,30.428085,2004,8,18,231,2004-08-18,13.49,27.56,23,2.58,2.1,18.44,29.11,0.42,15.96,15.38,62.44,7.23
-97.756258,30.227797,2004,8,18,231,2004-08-18,14.59,27.23,23.51,2.4,2.1,19.79,28.55,0.42,15.96,13.95,67.62,7.23
-97.749224,30.305798,2004,8,18,231,2004-08-18,13.49,27.56,23,2.58,2.1,18.44,29.11,0.42,15.96,15.38,62.44,7.23
-97.816902,30.169781,2004,8,18,231,2004-08-18,14.34,27.09,23.19,2.7,2.1,19.3,28.58,0.42,15.96,12.88,65.75,7.23
-97.696307,30.360249,2004,8,18,231,2004-08-18,13.49,27.56,23,2.58,2.1,18.44,29.11,0.42,15.96,15.38,62.44,7.23
-97.749474,30.306155,2004,8,18,231,2004-08-18,13.49,27.56,23,2.58,2.1,18.44,29.11,0.42,15.96,15.38,62.44,7.23
-97.73004,30.378604,2004,8,18,231,2004-08-18,13.49,27.56,23,2.58,2.1,18.44,29.11,0.42,15.96,15.38,62.44,7.23
-97.82304,30.175282,2004,8,18,231,2004-08-18,14.34,27.09,23.19,2.7,2.1,19.3,28.58,0.42,15.96,12.88,65.75,7.23
-97.723243,30.372143,2004,8,18,231,2004-08-18,13.49,27.56,23,2.58,2.1,18.44,29.11,0.42,15.96,15.38,62.44,7.23
-97.753644,30.22651,2004,8,18,231,2004-08-18,14.59,27.23,23.51,2.4,2.1,19.79,28.55,0.42,15.96,13.95,67.62,7.23
-97.743463,30.388133,2004,8,18,231,2004-08-18,13.49,27.56,23,2.58,2.1,18.44,29.11,0.42,15.96,15.38,62.44,7.23
-97.801317,30.354163,2004,8,18,231,2004-08-18,13.49,27.56,23,2.58,2.1,18.44,29.11,0.42,15.96,15.38,62.44,7.23
-97.663527,30.420797,2004,8,18,231,2004-08-18,13.49,27.56,23,2.58,2.1,18.44,29.11,0.42,15.96,15.38,62.44,7.23
-97.758643,30.23219,2004,8,18,231,2004-08-18,14.59,27.23,23.51,2.4,2.1,19.79,28.55,0.42,15.96,13.95,67.62,7.23
-97.793307,30.199163,2004,8,18,231,2004-08-18,14.59,27.23,23.51,2.4,2.1,19.79,28.55,0.42,15.96,13.95,67.62,7.23
-97.745696,30.280237,2004,8,18,231,2004-08-18,13.49,27.56,23,2.58,2.1,18.44,29.11,0.42,15.96,15.38,62.44,7.23
-97.677407,30.342356,2004,8,18,231,2004-08-18,13.49,27.56,23,2.58,2.1,18.44,29.11,0.42,15.96,15.38,62.44,7.23
-97.742968,30.383834,2004,8,18,231,2004-08-18,13.49,27.56,23,2.58,2.1,18.44,29.11,0.42,15.96,15.38,62.44,7.23
-97.683124,30.228802,2004,8,18,231,2004-08-18,14.59,27.23,23.51,2.4,2.1,19.79,28.55,0.42,15.96,13.95,67.62,7.23
-97.708309,30.270051,2004,8,18,231,2004-08-18,13.49,27.56,23,2.58,2.1,18.44,29.11,0.42,15.96,15.38,62.44,7.23
-97.721198,30.264614,2004,8,18,231,2004-08-18,13.49,27.56,23,2.58,2.1,18.44,29.11,0.42,15.96,15.38,62.44,7.23
-97.691208,30.217895,2004,8,18,231,2004-08-18,14.59,27.23,23.51,2.4,2.1,19.79,28.55,0.42,15.96,13.95,67.62,7.23
-97.697714,30.302589,2004,8,18,231,2004-08-18,13.49,27.56,23,2.58,2.1,18.44,29.11,0.42,15.96,15.38,62.44,7.23
-97.732348,30.384136,2004,8,18,231,2004-08-18,13.49,27.56,23,2.58,2.1,18.44,29.11,0.42,15.96,15.38,62.44,7.23
-97.559936,30.339764,2004,8,18,231,2004-08-18,13.49,27.56,23,2.58,2.1,18.44,29.11,0.42,15.96,15.38,62.44,7.23
-97.79106,30.237281,2004,8,18,231,2004-08-18,14.59,27.23,23.51,2.4,2.1,19.79,28.55,0.42,15.96,13.95,67.62,7.23
-97.76469,30.304565,2004,8,18,231,2004-08-18,13.49,27.56,23,2.58,2.1,18.44,29.11,0.42,15.96,15.38,62.44,7.23
-97.697714,30.302589,2004,8,18,231,2004-08-18,13.49,27.56,23,2.58,2.1,18.44,29.11,0.42,15.96,15.38,62.44,7.23
-97.840375,30.222911,2004,8,18,231,2004-08-18,14.34,27.09,23.19,2.7,2.1,19.3,28.58,0.42,15.96,12.88,65.75,7.23
-97.73606,30.385326,2004,8,18,231,2004-08-18,13.49,27.56,23,2.58,2.1,18.44,29.11,0.42,15.96,15.38,62.44,7.23
-97.656234,30.326653,2004,8,18,231,2004-08-18,13.49,27.56,23,2.58,2.1,18.44,29.11,0.42,15.96,15.38,62.44,7.23
-97.733765,30.264476,2004,8,18,231,2004-08-18,13.49,27.56,23,2.58,2.1,18.44,29.11,0.42,15.96,15.38,62.44,7.23
-97.715965,30.421013,2004,8,18,231,2004-08-18,13.49,27.56,23,2.58,2.1,18.44,29.11,0.42,15.96,15.38,62.44,7.23
-97.74266,30.305818,2004,8,18,231,2004-08-18,13.49,27.56,23,2.58,2.1,18.44,29.11,0.42,15.96,15.38,62.44,7.23
-97.756258,30.227797,2004,8,18,231,2004-08-18,14.59,27.23,23.51,2.4,2.1,19.79,28.55,0.42,15.96,13.95,67.62,7.23
-97.753552,30.353534,2004,8,18,231,2004-08-18,13.49,27.56,23,2.58,2.1,18.44,29.11,0.42,15.96,15.38,62.44,7.23
-97.665785,30.313782,2004,8,18,231,2004-08-18,13.49,27.56,23,2.58,2.1,18.44,29.11,0.42,15.96,15.38,62.44,7.23
-97.772786,30.433288,2004,8,18,231,2004-08-18,13.49,27.56,23,2.58,2.1,18.44,29.11,0.42,15.96,15.38,62.44,7.23
-97.729356,30.377388,2004,8,18,231,2004-08-18,13.49,27.56,23,2.58,2.1,18.44,29.11,0.42,15.96,15.38,62.44,7.23
-97.689678,30.376081,2004,8,18,231,2004-08-18,13.49,27.56,23,2.58,2.1,18.44,29.11,0.42,15.96,15.38,62.44,7.23
-97.726146,30.374728,2004,8,18,231,2004-08-18,13.49,27.56,23,2.58,2.1,18.44,29.11,0.42,15.96,15.38,62.44,7.23
-97.709121,30.350934,2004,8,18,231,2004-08-18,13.49,27.56,23,2.58,2.1,18.44,29.11,0.42,15.96,15.38,62.44,7.23
-97.753644,30.22651,2004,8,18,231,2004-08-18,14.59,27.23,23.51,2.4,2.1,19.79,28.55,0.42,15.96,13.95,67.62,7.23
-97.746397,30.271891,2004,8,18,231,2004-08-18,13.49,27.56,23,2.58,2.1,18.44,29.11,0.42,15.96,15.38,62.44,7.23
-97.849464,30.183942,2004,8,18,231,2004-08-18,14.34,27.09,23.19,2.7,2.1,19.3,28.58,0.42,15.96,12.88,65.75,7.23
-97.674195,30.353542,2004,8,18,231,2004-08-18,13.49,27.56,23,2.58,2.1,18.44,29.11,0.42,15.96,15.38,62.44,7.23
-97.847562,30.391744,2004,8,18,231,2004-08-18,13.49,27.26,22.72,2.74,2.1,18.17,28.74,0.42,15.96,14.34,61.56,7.23
-97.784355,30.227729,2004,8,18,231,2004-08-18,14.59,27.23,23.51,2.4,2.1,19.79,28.55,0.42,15.96,13.95,67.62,7.23
-97.84556,30.190107,2004,8,18,231,2004-08-18,14.34,27.09,23.19,2.7,2.1,19.3,28.58,0.42,15.96,12.88,65.75,7.23
-97.741246,30.372344,2004,8,18,231,2004-08-18,13.49,27.56,23,2.58,2.1,18.44,29.11,0.42,15.96,15.38,62.44,7.23
-97.740209,30.320445,2004,8,18,231,2004-08-18,13.49,27.56,23,2.58,2.1,18.44,29.11,0.42,15.96,15.38,62.44,7.23
-97.772819,30.468087,2004,8,18,231,2004-08-18,13.49,27.56,23,2.58,2.1,18.44,29.11,0.42,15.96,15.38,62.44,7.23
-97.669905,30.342384,2004,8,18,231,2004-08-18,13.49,27.56,23,2.58,2.1,18.44,29.11,0.42,15.96,15.38,62.44,7.23
-97.740622,30.294383,2004,8,18,231,2004-08-18,13.49,27.56,23,2.58,2.1,18.44,29.11,0.42,15.96,15.38,62.44,7.23
-97.743619,30.272988,2004,8,18,231,2004-08-18,13.49,27.56,23,2.58,2.1,18.44,29.11,0.42,15.96,15.38,62.44,7.23
-97.735103,30.349253,2004,8,18,231,2004-08-18,13.49,27.56,23,2.58,2.1,18.44,29.11,0.42,15.96,15.38,62.44,7.23
-97.753644,30.22651,2004,8,18,231,2004-08-18,14.59,27.23,23.51,2.4,2.1,19.79,28.55,0.42,15.96,13.95,67.62,7.23
-97.680089,30.250962,2004,8,18,231,2004-08-18,13.49,27.56,23,2.58,2.1,18.44,29.11,0.42,15.96,15.38,62.44,7.23
-97.729831,30.375447,2004,8,18,231,2004-08-18,13.49,27.56,23,2.58,2.1,18.44,29.11,0.42,15.96,15.38,62.44,7.23
-97.732243,30.432211,2004,8,18,231,2004-08-18,13.49,27.56,23,2.58,2.1,18.44,29.11,0.42,15.96,15.38,62.44,7.23
-97.721224,30.404569,2004,8,18,231,2004-08-18,13.49,27.56,23,2.58,2.1,18.44,29.11,0.42,15.96,15.38,62.44,7.23
-97.743175,30.368293,2004,8,18,231,2004-08-18,13.49,27.56,23,2.58,2.1,18.44,29.11,0.42,15.96,15.38,62.44,7.23
-97.74611,30.387812,2004,8,18,231,2004-08-18,13.49,27.56,23,2.58,2.1,18.44,29.11,0.42,15.96,15.38,62.44,7.23
-97.753644,30.22651,2004,8,18,231,2004-08-18,14.59,27.23,23.51,2.4,2.1,19.79,28.55,0.42,15.96,13.95,67.62,7.23
-97.738292,30.366998,2004,8,18,231,2004-08-18,13.49,27.56,23,2.58,2.1,18.44,29.11,0.42,15.96,15.38,62.44,7.23
-97.743197,30.427989,2004,8,18,231,2004-08-18,13.49,27.56,23,2.58,2.1,18.44,29.11,0.42,15.96,15.38,62.44,7.23
-97.756258,30.227797,2004,8,18,231,2004-08-18,14.59,27.23,23.51,2.4,2.1,19.79,28.55,0.42,15.96,13.95,67.62,7.23
-97.72931,30.325973,2004,8,18,231,2004-08-18,13.49,27.56,23,2.58,2.1,18.44,29.11,0.42,15.96,15.38,62.44,7.23
-97.689638,30.306645,2004,8,18,231,2004-08-18,13.49,27.56,23,2.58,2.1,18.44,29.11,0.42,15.96,15.38,62.44,7.23
-97.739513,30.364203,2004,8,18,231,2004-08-18,13.49,27.56,23,2.58,2.1,18.44,29.11,0.42,15.96,15.38,62.44,7.23
-97.774679,30.471661,2004,8,18,231,2004-08-18,13.49,27.56,23,2.58,2.1,18.44,29.11,0.42,15.96,15.38,62.44,7.23
-97.749965,30.244802,2004,8,18,231,2004-08-18,14.59,27.23,23.51,2.4,2.1,19.79,28.55,0.42,15.96,13.95,67.62,7.23
-97.702884,30.422043,2004,8,18,231,2004-08-18,13.49,27.56,23,2.58,2.1,18.44,29.11,0.42,15.96,15.38,62.44,7.23
-97.738521,30.342973,2004,8,18,231,2004-08-18,13.49,27.56,23,2.58,2.1,18.44,29.11,0.42,15.96,15.38,62.44,7.23
-97.773635,30.252383,2004,8,18,231,2004-08-18,13.49,27.56,23,2.58,2.1,18.44,29.11,0.42,15.96,15.38,62.44,7.23
-97.831749,30.214355,2004,8,18,231,2004-08-18,14.34,27.09,23.19,2.7,2.1,19.3,28.58,0.42,15.96,12.88,65.75,7.23
-97.750041,30.39327,2004,8,18,231,2004-08-18,13.49,27.56,23,2.58,2.1,18.44,29.11,0.42,15.96,15.38,62.44,7.23
-97.753644,30.22651,2004,8,18,231,2004-08-18,14.59,27.23,23.51,2.4,2.1,19.79,28.55,0.42,15.96,13.95,67.62,7.23
-97.684904,30.253899,2004,8,18,231,2004-08-18,13.49,27.56,23,2.58,2.1,18.44,29.11,0.42,15.96,15.38,62.44,7.23
-97.847562,30.391744,2004,8,18,231,2004-08-18,13.49,27.26,22.72,2.74,2.1,18.17,28.74,0.42,15.96,14.34,61.56,7.23
-97.720877,30.398269,2004,8,18,231,2004-08-18,13.49,27.56,23,2.58,2.1,18.44,29.11,0.42,15.96,15.38,62.44,7.23
-97.714199,30.304038,2004,8,18,231,2004-08-18,13.49,27.56,23,2.58,2.1,18.44,29.11,0.42,15.96,15.38,62.44,7.23
-97.753644,30.22651,2004,8,18,231,2004-08-18,14.59,27.23,23.51,2.4,2.1,19.79,28.55,0.42,15.96,13.95,67.62,7.23
-97.672011,30.339951,2004,8,18,231,2004-08-18,13.49,27.56,23,2.58,2.1,18.44,29.11,0.42,15.96,15.38,62.44,7.23
-97.748788,30.409849,2004,8,18,231,2004-08-18,13.49,27.56,23,2.58,2.1,18.44,29.11,0.42,15.96,15.38,62.44,7.23
-97.847562,30.391744,2004,8,18,231,2004-08-18,13.49,27.26,22.72,2.74,2.1,18.17,28.74,0.42,15.96,14.34,61.56,7.23
-97.68663,30.217922,2004,8,18,231,2004-08-18,14.59,27.23,23.51,2.4,2.1,19.79,28.55,0.42,15.96,13.95,67.62,7.23
-97.664786,30.421176,2004,8,18,231,2004-08-18,13.49,27.56,23,2.58,2.1,18.44,29.11,0.42,15.96,15.38,62.44,7.23
-97.800449,30.162189,2004,8,18,231,2004-08-18,14.59,27.23,23.51,2.4,2.1,19.79,28.55,0.42,15.96,13.95,67.62,7.23
-97.684011,30.33609,2004,8,18,231,2004-08-18,13.49,27.56,23,2.58,2.1,18.44,29.11,0.42,15.96,15.38,62.44,7.23
-97.731505,30.354974,2004,8,18,231,2004-08-18,13.49,27.56,23,2.58,2.1,18.44,29.11,0.42,15.96,15.38,62.44,7.23
-97.774059,30.47075,2004,8,18,231,2004-08-18,13.49,27.56,23,2.58,2.1,18.44,29.11,0.42,15.96,15.38,62.44,7.23
-97.73911,30.365189,2004,8,18,231,2004-08-18,13.49,27.56,23,2.58,2.1,18.44,29.11,0.42,15.96,15.38,62.44,7.23
-97.742465,30.277691,2004,8,18,231,2004-08-18,13.49,27.56,23,2.58,2.1,18.44,29.11,0.42,15.96,15.38,62.44,7.23
-97.689674,30.342975,2004,8,18,231,2004-08-18,13.49,27.56,23,2.58,2.1,18.44,29.11,0.42,15.96,15.38,62.44,7.23
-97.732243,30.432211,2004,8,18,231,2004-08-18,13.49,27.56,23,2.58,2.1,18.44,29.11,0.42,15.96,15.38,62.44,7.23
-97.752666,30.259279,2004,8,18,231,2004-08-18,13.49,27.56,23,2.58,2.1,18.44,29.11,0.42,15.96,15.38,62.44,7.23
-97.758643,30.23219,2004,8,18,231,2004-08-18,14.59,27.23,23.51,2.4,2.1,19.79,28.55,0.42,15.96,13.95,67.62,7.23
-97.700538,30.334198,2004,8,18,231,2004-08-18,13.49,27.56,23,2.58,2.1,18.44,29.11,0.42,15.96,15.38,62.44,7.23
-97.657488,30.314358,2004,8,18,231,2004-08-18,13.49,27.56,23,2.58,2.1,18.44,29.11,0.42,15.96,15.38,62.44,7.23
-97.656581,30.401616,2004,8,18,231,2004-08-18,13.49,27.56,23,2.58,2.1,18.44,29.11,0.42,15.96,15.38,62.44,7.23
-97.877784,30.211755,2004,8,18,231,2004-08-18,14.34,27.09,23.19,2.7,2.1,19.3,28.58,0.42,15.96,12.88,65.75,7.23
-97.696455,30.20692,2004,8,18,231,2004-08-18,14.59,27.23,23.51,2.4,2.1,19.79,28.55,0.42,15.96,13.95,67.62,7.23
-97.749184,30.377341,2004,8,18,231,2004-08-18,13.49,27.56,23,2.58,2.1,18.44,29.11,0.42,15.96,15.38,62.44,7.23
-97.705235,30.185961,2004,8,18,231,2004-08-18,14.59,27.23,23.51,2.4,2.1,19.79,28.55,0.42,15.96,13.95,67.62,7.23
-97.676784,30.34008,2004,8,18,231,2004-08-18,13.49,27.56,23,2.58,2.1,18.44,29.11,0.42,15.96,15.38,62.44,7.23
-97.697084,30.337909,2004,8,18,231,2004-08-18,13.49,27.56,23,2.58,2.1,18.44,29.11,0.42,15.96,15.38,62.44,7.23
-97.703813,30.205679,2004,8,18,231,2004-08-18,14.59,27.23,23.51,2.4,2.1,19.79,28.55,0.42,15.96,13.95,67.62,7.23
-97.745842,30.405013,2004,8,18,231,2004-08-18,13.49,27.56,23,2.58,2.1,18.44,29.11,0.42,15.96,15.38,62.44,7.23
-97.76435,30.303356,2004,8,18,231,2004-08-18,13.49,27.56,23,2.58,2.1,18.44,29.11,0.42,15.96,15.38,62.44,7.23
-97.75208,30.394529,2004,8,18,231,2004-08-18,13.49,27.56,23,2.58,2.1,18.44,29.11,0.42,15.96,15.38,62.44,7.23
-97.726577,30.363947,2004,8,18,231,2004-08-18,13.49,27.56,23,2.58,2.1,18.44,29.11,0.42,15.96,15.38,62.44,7.23
-97.752948,30.156278,2004,8,18,231,2004-08-18,14.59,27.23,23.51,2.4,2.1,19.79,28.55,0.42,15.96,13.95,67.62,7.23
-97.770552,30.486293,2004,8,18,231,2004-08-18,13.49,27.56,23,2.58,2.1,18.44,29.11,0.42,15.96,15.38,62.44,7.23
-97.717934,30.410454,2004,8,18,231,2004-08-18,13.49,27.56,23,2.58,2.1,18.44,29.11,0.42,15.96,15.38,62.44,7.23
-97.753644,30.22651,2004,8,18,231,2004-08-18,14.59,27.23,23.51,2.4,2.1,19.79,28.55,0.42,15.96,13.95,67.62,7.23
-97.695527,30.123163,2004,8,18,231,2004-08-18,14.59,27.23,23.51,2.4,2.1,19.79,28.55,0.42,15.96,13.95,67.62,7.23
-97.847562,30.391744,2004,8,18,231,2004-08-18,13.49,27.26,22.72,2.74,2.1,18.17,28.74,0.42,15.96,14.34,61.56,7.23
-97.758643,30.23219,2004,8,18,231,2004-08-18,14.59,27.23,23.51,2.4,2.1,19.79,28.55,0.42,15.96,13.95,67.62,7.23
-97.689635,30.323972,2004,8,18,231,2004-08-18,13.49,27.56,23,2.58,2.1,18.44,29.11,0.42,15.96,15.38,62.44,7.23
-97.847562,30.391744,2004,8,18,231,2004-08-18,13.49,27.26,22.72,2.74,2.1,18.17,28.74,0.42,15.96,14.34,61.56,7.23
-97.82744,30.28802,2004,8,18,231,2004-08-18,13.49,27.26,22.72,2.74,2.1,18.17,28.74,0.42,15.96,14.34,61.56,7.23
-97.753644,30.22651,2004,8,18,231,2004-08-18,14.59,27.23,23.51,2.4,2.1,19.79,28.55,0.42,15.96,13.95,67.62,7.23
-97.742704,30.301735,2004,8,18,231,2004-08-18,13.49,27.56,23,2.58,2.1,18.44,29.11,0.42,15.96,15.38,62.44,7.23
-97.773352,30.221249,2004,8,18,231,2004-08-18,14.59,27.23,23.51,2.4,2.1,19.79,28.55,0.42,15.96,13.95,67.62,7.23
-97.745487,30.271163,2004,8,18,231,2004-08-18,13.49,27.56,23,2.58,2.1,18.44,29.11,0.42,15.96,15.38,62.44,7.23
-97.669448,30.342996,2004,8,18,231,2004-08-18,13.49,27.56,23,2.58,2.1,18.44,29.11,0.42,15.96,15.38,62.44,7.23
-97.840375,30.222911,2004,8,18,231,2004-08-18,14.34,27.09,23.19,2.7,2.1,19.3,28.58,0.42,15.96,12.88,65.75,7.23
-97.686736,30.357466,2004,8,18,231,2004-08-18,13.49,27.56,23,2.58,2.1,18.44,29.11,0.42,15.96,15.38,62.44,7.23
-97.674914,30.3767,2004,8,18,231,2004-08-18,13.49,27.56,23,2.58,2.1,18.44,29.11,0.42,15.96,15.38,62.44,7.23
-97.756258,30.227797,2004,8,18,231,2004-08-18,14.59,27.23,23.51,2.4,2.1,19.79,28.55,0.42,15.96,13.95,67.62,7.23
-97.752948,30.156278,2004,8,18,231,2004-08-18,14.59,27.23,23.51,2.4,2.1,19.79,28.55,0.42,15.96,13.95,67.62,7.23
-97.661297,30.205237,2004,8,18,231,2004-08-18,14.59,27.23,23.51,2.4,2.1,19.79,28.55,0.42,15.96,13.95,67.62,7.23
-97.78292,30.209029,2004,8,18,231,2004-08-18,14.59,27.23,23.51,2.4,2.1,19.79,28.55,0.42,15.96,13.95,67.62,7.23
-97.785981,30.171077,2004,8,18,231,2004-08-18,14.59,27.23,23.51,2.4,2.1,19.79,28.55,0.42,15.96,13.95,67.62,7.23
-97.725676,30.376463,2004,8,18,231,2004-08-18,13.49,27.56,23,2.58,2.1,18.44,29.11,0.42,15.96,15.38,62.44,7.23
-97.674115,30.336078,2004,8,18,231,2004-08-18,13.49,27.56,23,2.58,2.1,18.44,29.11,0.42,15.96,15.38,62.44,7.23
-97.714153,30.32198,2004,8,18,231,2004-08-18,13.49,27.56,23,2.58,2.1,18.44,29.11,0.42,15.96,15.38,62.44,7.23
-97.708205,30.254241,2004,8,18,231,2004-08-18,13.49,27.56,23,2.58,2.1,18.44,29.11,0.42,15.96,15.38,62.44,7.23
-97.756258,30.227797,2004,8,18,231,2004-08-18,14.59,27.23,23.51,2.4,2.1,19.79,28.55,0.42,15.96,13.95,67.62,7.23
-97.750041,30.39327,2004,8,18,231,2004-08-18,13.49,27.56,23,2.58,2.1,18.44,29.11,0.42,15.96,15.38,62.44,7.23
-97.729578,30.360951,2004,8,18,231,2004-08-18,13.49,27.56,23,2.58,2.1,18.44,29.11,0.42,15.96,15.38,62.44,7.23
-97.768481,30.198574,2004,8,18,231,2004-08-18,14.59,27.23,23.51,2.4,2.1,19.79,28.55,0.42,15.96,13.95,67.62,7.23
-97.741879,30.400229,2004,8,18,231,2004-08-18,13.49,27.56,23,2.58,2.1,18.44,29.11,0.42,15.96,15.38,62.44,7.23
-97.693562,30.369205,2004,8,18,231,2004-08-18,13.49,27.56,23,2.58,2.1,18.44,29.11,0.42,15.96,15.38,62.44,7.23
-97.734557,30.396746,2004,8,18,231,2004-08-18,13.49,27.56,23,2.58,2.1,18.44,29.11,0.42,15.96,15.38,62.44,7.23
-97.752812,30.265781,2004,8,18,231,2004-08-18,13.49,27.56,23,2.58,2.1,18.44,29.11,0.42,15.96,15.38,62.44,7.23
-97.797288,30.170456,2004,8,18,231,2004-08-18,14.59,27.23,23.51,2.4,2.1,19.79,28.55,0.42,15.96,13.95,67.62,7.23
-97.84249,30.391486,2004,8,18,231,2004-08-18,13.49,27.26,22.72,2.74,2.1,18.17,28.74,0.42,15.96,14.34,61.56,7.23
-97.793443,30.235516,2004,8,18,231,2004-08-18,14.59,27.23,23.51,2.4,2.1,19.79,28.55,0.42,15.96,13.95,67.62,7.23
-97.697461,30.362321,2004,8,18,231,2004-08-18,13.49,27.56,23,2.58,2.1,18.44,29.11,0.42,15.96,15.38,62.44,7.23
-97.739444,30.337245,2004,8,18,231,2004-08-18,13.49,27.56,23,2.58,2.1,18.44,29.11,0.42,15.96,15.38,62.44,7.23
-97.82271,30.28156,2004,8,18,231,2004-08-18,13.49,27.26,22.72,2.74,2.1,18.17,28.74,0.42,15.96,14.34,61.56,7.23
-97.735746,30.258131,2004,8,18,231,2004-08-18,13.49,27.56,23,2.58,2.1,18.44,29.11,0.42,15.96,15.38,62.44,7.23
-97.74363,30.381827,2004,8,18,231,2004-08-18,13.49,27.56,23,2.58,2.1,18.44,29.11,0.42,15.96,15.38,62.44,7.23
-97.684082,30.361439,2004,8,18,231,2004-08-18,13.49,27.56,23,2.58,2.1,18.44,29.11,0.42,15.96,15.38,62.44,7.23
-97.755818,30.427918,2004,8,18,231,2004-08-18,13.49,27.56,23,2.58,2.1,18.44,29.11,0.42,15.96,15.38,62.44,7.23
-97.656581,30.401616,2004,8,18,231,2004-08-18,13.49,27.56,23,2.58,2.1,18.44,29.11,0.42,15.96,15.38,62.44,7.23
-97.740444,30.266366,2004,8,18,231,2004-08-18,13.49,27.56,23,2.58,2.1,18.44,29.11,0.42,15.96,15.38,62.44,7.23
-97.68363,30.380289,2004,8,18,231,2004-08-18,13.49,27.56,23,2.58,2.1,18.44,29.11,0.42,15.96,15.38,62.44,7.23
-97.780544,30.266158,2004,8,18,231,2004-08-18,13.49,27.56,23,2.58,2.1,18.44,29.11,0.42,15.96,15.38,62.44,7.23
-97.698504,30.206628,2004,8,18,231,2004-08-18,14.59,27.23,23.51,2.4,2.1,19.79,28.55,0.42,15.96,13.95,67.62,7.23
-97.784166,30.176528,2004,8,18,231,2004-08-18,14.59,27.23,23.51,2.4,2.1,19.79,28.55,0.42,15.96,13.95,67.62,7.23
-97.724089,30.378724,2004,8,18,231,2004-08-18,13.49,27.56,23,2.58,2.1,18.44,29.11,0.42,15.96,15.38,62.44,7.23
-97.730034,30.378614,2004,8,18,231,2004-08-18,13.49,27.56,23,2.58,2.1,18.44,29.11,0.42,15.96,15.38,62.44,7.23
-97.770354,30.470818,2004,8,18,231,2004-08-18,13.49,27.56,23,2.58,2.1,18.44,29.11,0.42,15.96,15.38,62.44,7.23
-97.846119,30.232121,2004,8,18,231,2004-08-18,14.34,27.09,23.19,2.7,2.1,19.3,28.58,0.42,15.96,12.88,65.75,7.23
-97.732243,30.432211,2004,8,18,231,2004-08-18,13.49,27.56,23,2.58,2.1,18.44,29.11,0.42,15.96,15.38,62.44,7.23
-97.716053,30.325973,2004,8,18,231,2004-08-18,13.49,27.56,23,2.58,2.1,18.44,29.11,0.42,15.96,15.38,62.44,7.23
-97.729745,30.253655,2004,8,18,231,2004-08-18,13.49,27.56,23,2.58,2.1,18.44,29.11,0.42,15.96,15.38,62.44,7.23
-97.745218,30.306154,2004,8,18,231,2004-08-18,13.49,27.56,23,2.58,2.1,18.44,29.11,0.42,15.96,15.38,62.44,7.23
-97.738108,30.270431,2004,8,18,231,2004-08-18,13.49,27.56,23,2.58,2.1,18.44,29.11,0.42,15.96,15.38,62.44,7.23
-97.728152,30.37746,2004,8,18,231,2004-08-18,13.49,27.56,23,2.58,2.1,18.44,29.11,0.42,15.96,15.38,62.44,7.23
-97.737646,30.35213,2004,8,18,231,2004-08-18,13.49,27.56,23,2.58,2.1,18.44,29.11,0.42,15.96,15.38,62.44,7.23
-97.723959,30.300477,2004,8,18,231,2004-08-18,13.49,27.56,23,2.58,2.1,18.44,29.11,0.42,15.96,15.38,62.44,7.23
-97.746775,30.215744,2004,8,18,231,2004-08-18,14.59,27.23,23.51,2.4,2.1,19.79,28.55,0.42,15.96,13.95,67.62,7.23
-97.776864,30.195844,2004,8,18,231,2004-08-18,14.59,27.23,23.51,2.4,2.1,19.79,28.55,0.42,15.96,13.95,67.62,7.23
-97.699853,30.258862,2004,8,18,231,2004-08-18,13.49,27.56,23,2.58,2.1,18.44,29.11,0.42,15.96,15.38,62.44,7.23
-97.704005,30.235656,2004,8,18,231,2004-08-18,14.59,27.23,23.51,2.4,2.1,19.79,28.55,0.42,15.96,13.95,67.62,7.23
-97.847562,30.391744,2004,8,18,231,2004-08-18,13.49,27.26,22.72,2.74,2.1,18.17,28.74,0.42,15.96,14.34,61.56,7.23
-97.68342,30.336976,2004,8,18,231,2004-08-18,13.49,27.56,23,2.58,2.1,18.44,29.11,0.42,15.96,15.38,62.44,7.23
-97.639097,30.380251,2004,8,18,231,2004-08-18,13.49,27.56,23,2.58,2.1,18.44,29.11,0.42,15.96,15.38,62.44,7.23
-97.790176,30.364677,2004,8,18,231,2004-08-18,13.49,27.56,23,2.58,2.1,18.44,29.11,0.42,15.96,15.38,62.44,7.23
-97.690813,30.38382,2004,8,18,231,2004-08-18,13.49,27.56,23,2.58,2.1,18.44,29.11,0.42,15.96,15.38,62.44,7.23
-97.751695,30.38848,2004,8,18,231,2004-08-18,13.49,27.56,23,2.58,2.1,18.44,29.11,0.42,15.96,15.38,62.44,7.23
-97.717739,30.364895,2004,8,18,231,2004-08-18,13.49,27.56,23,2.58,2.1,18.44,29.11,0.42,15.96,15.38,62.44,7.23
-97.753644,30.22651,2004,8,18,231,2004-08-18,14.59,27.23,23.51,2.4,2.1,19.79,28.55,0.42,15.96,13.95,67.62,7.23
-97.730149,30.358768,2004,8,18,231,2004-08-18,13.49,27.56,23,2.58,2.1,18.44,29.11,0.42,15.96,15.38,62.44,7.23
-97.821549,30.177651,2004,8,18,231,2004-08-18,14.34,27.09,23.19,2.7,2.1,19.3,28.58,0.42,15.96,12.88,65.75,7.23
-97.780544,30.266158,2004,8,18,231,2004-08-18,13.49,27.56,23,2.58,2.1,18.44,29.11,0.42,15.96,15.38,62.44,7.23
-97.679726,30.258681,2004,8,18,231,2004-08-18,13.49,27.56,23,2.58,2.1,18.44,29.11,0.42,15.96,15.38,62.44,7.23
-97.731564,30.375107,2004,8,18,231,2004-08-18,13.49,27.56,23,2.58,2.1,18.44,29.11,0.42,15.96,15.38,62.44,7.23
-97.747662,30.274906,2004,8,18,231,2004-08-18,13.49,27.56,23,2.58,2.1,18.44,29.11,0.42,15.96,15.38,62.44,7.23
-97.795308,30.447382,2004,8,18,231,2004-08-18,13.49,27.56,23,2.58,2.1,18.44,29.11,0.42,15.96,15.38,62.44,7.23
-97.731553,30.396975,2004,8,18,231,2004-08-18,13.49,27.56,23,2.58,2.1,18.44,29.11,0.42,15.96,15.38,62.44,7.23
-97.847562,30.391744,2004,8,18,231,2004-08-18,13.49,27.26,22.72,2.74,2.1,18.17,28.74,0.42,15.96,14.34,61.56,7.23
-97.672371,30.335889,2004,8,18,231,2004-08-18,13.49,27.56,23,2.58,2.1,18.44,29.11,0.42,15.96,15.38,62.44,7.23
-97.68423,30.335974,2004,8,18,231,2004-08-18,13.49,27.56,23,2.58,2.1,18.44,29.11,0.42,15.96,15.38,62.44,7.23
-97.751457,30.305365,2004,8,18,231,2004-08-18,13.49,27.56,23,2.58,2.1,18.44,29.11,0.42,15.96,15.38,62.44,7.23
-97.716736,30.377833,2004,8,18,231,2004-08-18,13.49,27.56,23,2.58,2.1,18.44,29.11,0.42,15.96,15.38,62.44,7.23
-97.74814,30.343234,2004,8,18,231,2004-08-18,13.49,27.56,23,2.58,2.1,18.44,29.11,0.42,15.96,15.38,62.44,7.23
-97.849046,30.184608,2004,8,18,231,2004-08-18,14.34,27.09,23.19,2.7,2.1,19.3,28.58,0.42,15.96,12.88,65.75,7.23
-97.740924,30.269153,2004,8,18,231,2004-08-18,13.49,27.56,23,2.58,2.1,18.44,29.11,0.42,15.96,15.38,62.44,7.23
-97.74655,30.30194,2004,8,18,231,2004-08-18,13.49,27.56,23,2.58,2.1,18.44,29.11,0.42,15.96,15.38,62.44,7.23
-97.753644,30.22651,2004,8,18,231,2004-08-18,14.59,27.23,23.51,2.4,2.1,19.79,28.55,0.42,15.96,13.95,67.62,7.23
-97.671598,30.348931,2004,8,18,231,2004-08-18,13.49,27.56,23,2.58,2.1,18.44,29.11,0.42,15.96,15.38,62.44,7.23
-97.831749,30.214355,2004,8,18,231,2004-08-18,14.34,27.09,23.19,2.7,2.1,19.3,28.58,0.42,15.96,12.88,65.75,7.23
-97.768481,30.198574,2004,8,18,231,2004-08-18,14.59,27.23,23.51,2.4,2.1,19.79,28.55,0.42,15.96,13.95,67.62,7.23
-97.727559,30.377466,2004,8,18,231,2004-08-18,13.49,27.56,23,2.58,2.1,18.44,29.11,0.42,15.96,15.38,62.44,7.23
-97.756258,30.227797,2004,8,18,231,2004-08-18,14.59,27.23,23.51,2.4,2.1,19.79,28.55,0.42,15.96,13.95,67.62,7.23
-97.657089,30.320816,2004,8,18,231,2004-08-18,13.49,27.56,23,2.58,2.1,18.44,29.11,0.42,15.96,15.38,62.44,7.23
-97.880788,30.229964,2004,8,18,231,2004-08-18,14.34,27.09,23.19,2.7,2.1,19.3,28.58,0.42,15.96,12.88,65.75,7.23
-97.756258,30.227797,2004,8,18,231,2004-08-18,14.59,27.23,23.51,2.4,2.1,19.79,28.55,0.42,15.96,13.95,67.62,7.23
-97.745332,30.391161,2004,8,18,231,2004-08-18,13.49,27.56,23,2.58,2.1,18.44,29.11,0.42,15.96,15.38,62.44,7.23
-97.732243,30.432211,2004,8,18,231,2004-08-18,13.49,27.56,23,2.58,2.1,18.44,29.11,0.42,15.96,15.38,62.44,7.23
-97.754173,30.376358,2004,8,18,231,2004-08-18,13.49,27.56,23,2.58,2.1,18.44,29.11,0.42,15.96,15.38,62.44,7.23
-97.745842,30.405013,2004,8,18,231,2004-08-18,13.49,27.56,23,2.58,2.1,18.44,29.11,0.42,15.96,15.38,62.44,7.23
-97.742141,30.262711,2004,8,18,231,2004-08-18,13.49,27.56,23,2.58,2.1,18.44,29.11,0.42,15.96,15.38,62.44,7.23
-97.741918,30.270471,2004,8,18,231,2004-08-18,13.49,27.56,23,2.58,2.1,18.44,29.11,0.42,15.96,15.38,62.44,7.23
-97.74389,30.388977,2004,8,18,231,2004-08-18,13.49,27.56,23,2.58,2.1,18.44,29.11,0.42,15.96,15.38,62.44,7.23
-97.707242,30.268369,2004,8,18,231,2004-08-18,13.49,27.56,23,2.58,2.1,18.44,29.11,0.42,15.96,15.38,62.44,7.23
-97.74981,30.267959,2004,8,18,231,2004-08-18,13.49,27.56,23,2.58,2.1,18.44,29.11,0.42,15.96,15.38,62.44,7.23
-97.811655,30.229372,2004,8,18,231,2004-08-18,14.59,27.23,23.51,2.4,2.1,19.79,28.55,0.42,15.96,13.95,67.62,7.23
-97.707804,30.302176,2004,8,18,231,2004-08-18,13.49,27.56,23,2.58,2.1,18.44,29.11,0.42,15.96,15.38,62.44,7.23
-97.788808,30.449251,2004,8,18,231,2004-08-18,13.49,27.56,23,2.58,2.1,18.44,29.11,0.42,15.96,15.38,62.44,7.23
-97.753644,30.22651,2004,8,18,231,2004-08-18,14.59,27.23,23.51,2.4,2.1,19.79,28.55,0.42,15.96,13.95,67.62,7.23
-97.843038,30.194048,2004,8,18,231,2004-08-18,14.34,27.09,23.19,2.7,2.1,19.3,28.58,0.42,15.96,12.88,65.75,7.23
-97.92881,30.398186,2004,8,18,231,2004-08-18,13.49,27.26,22.72,2.74,2.1,18.17,28.74,0.42,15.96,14.34,61.56,7.23
-97.767422,30.436101,2004,8,18,231,2004-08-18,13.49,27.56,23,2.58,2.1,18.44,29.11,0.42,15.96,15.38,62.44,7.23
-97.68694,30.279122,2004,8,18,231,2004-08-18,13.49,27.56,23,2.58,2.1,18.44,29.11,0.42,15.96,15.38,62.44,7.23
-97.759561,30.212075,2004,8,18,231,2004-08-18,14.59,27.23,23.51,2.4,2.1,19.79,28.55,0.42,15.96,13.95,67.62,7.23
-97.775328,30.472728,2004,8,18,231,2004-08-18,13.49,27.56,23,2.58,2.1,18.44,29.11,0.42,15.96,15.38,62.44,7.23
-97.756258,30.227797,2004,8,18,231,2004-08-18,14.59,27.23,23.51,2.4,2.1,19.79,28.55,0.42,15.96,13.95,67.62,7.23
-97.753644,30.22651,2004,8,18,231,2004-08-18,14.59,27.23,23.51,2.4,2.1,19.79,28.55,0.42,15.96,13.95,67.62,7.23
-97.756258,30.227797,2004,8,18,231,2004-08-18,14.59,27.23,23.51,2.4,2.1,19.79,28.55,0.42,15.96,13.95,67.62,7.23
-97.846119,30.232121,2004,8,18,231,2004-08-18,14.34,27.09,23.19,2.7,2.1,19.3,28.58,0.42,15.96,12.88,65.75,7.23
-97.739338,30.385367,2004,8,18,231,2004-08-18,13.49,27.56,23,2.58,2.1,18.44,29.11,0.42,15.96,15.38,62.44,7.23
-97.764425,30.254849,2004,8,18,231,2004-08-18,13.49,27.56,23,2.58,2.1,18.44,29.11,0.42,15.96,15.38,62.44,7.23
-97.670181,30.218141,2004,8,18,231,2004-08-18,14.59,27.23,23.51,2.4,2.1,19.79,28.55,0.42,15.96,13.95,67.62,7.23
-97.739148,30.390581,2004,8,18,231,2004-08-18,13.49,27.56,23,2.58,2.1,18.44,29.11,0.42,15.96,15.38,62.44,7.23
-97.742968,30.383834,2004,8,18,231,2004-08-18,13.49,27.56,23,2.58,2.1,18.44,29.11,0.42,15.96,15.38,62.44,7.23
-97.748272,30.394225,2004,8,18,231,2004-08-18,13.49,27.56,23,2.58,2.1,18.44,29.11,0.42,15.96,15.38,62.44,7.23
-97.662439,30.336793,2004,8,18,231,2004-08-18,13.49,27.56,23,2.58,2.1,18.44,29.11,0.42,15.96,15.38,62.44,7.23
-97.753552,30.353534,2004,8,18,231,2004-08-18,13.49,27.56,23,2.58,2.1,18.44,29.11,0.42,15.96,15.38,62.44,7.23
-97.693934,30.207146,2004,8,18,231,2004-08-18,14.59,27.23,23.51,2.4,2.1,19.79,28.55,0.42,15.96,13.95,67.62,7.23
-97.74786,30.29566,2004,8,18,231,2004-08-18,13.49,27.56,23,2.58,2.1,18.44,29.11,0.42,15.96,15.38,62.44,7.23
-97.843931,30.245033,2004,8,18,231,2004-08-18,14.34,27.09,23.19,2.7,2.1,19.3,28.58,0.42,15.96,12.88,65.75,7.23
-97.756258,30.227797,2004,8,18,231,2004-08-18,14.59,27.23,23.51,2.4,2.1,19.79,28.55,0.42,15.96,13.95,67.62,7.23
-97.748272,30.394225,2004,8,18,231,2004-08-18,13.49,27.56,23,2.58,2.1,18.44,29.11,0.42,15.96,15.38,62.44,7.23
-97.788945,30.3685,2004,8,18,231,2004-08-18,13.49,27.56,23,2.58,2.1,18.44,29.11,0.42,15.96,15.38,62.44,7.23
-97.791389,30.180469,2004,8,18,231,2004-08-18,14.59,27.23,23.51,2.4,2.1,19.79,28.55,0.42,15.96,13.95,67.62,7.23
-97.685161,30.356584,2004,8,18,231,2004-08-18,13.49,27.56,23,2.58,2.1,18.44,29.11,0.42,15.96,15.38,62.44,7.23
-97.758643,30.23219,2004,8,18,231,2004-08-18,14.59,27.23,23.51,2.4,2.1,19.79,28.55,0.42,15.96,13.95,67.62,7.23
-97.742288,30.304828,2004,8,18,231,2004-08-18,13.49,27.56,23,2.58,2.1,18.44,29.11,0.42,15.96,15.38,62.44,7.23
-97.743619,30.272988,2004,8,18,231,2004-08-18,13.49,27.56,23,2.58,2.1,18.44,29.11,0.42,15.96,15.38,62.44,7.23
-97.75679,30.428402,2004,8,18,231,2004-08-18,13.49,27.56,23,2.58,2.1,18.44,29.11,0.42,15.96,15.38,62.44,7.23
-97.690835,30.315307,2004,8,18,231,2004-08-18,13.49,27.56,23,2.58,2.1,18.44,29.11,0.42,15.96,15.38,62.44,7.23
-97.753644,30.22651,2004,8,18,231,2004-08-18,14.59,27.23,23.51,2.4,2.1,19.79,28.55,0.42,15.96,13.95,67.62,7.23
-97.689635,30.323972,2004,8,18,231,2004-08-18,13.49,27.56,23,2.58,2.1,18.44,29.11,0.42,15.96,15.38,62.44,7.23
-97.753644,30.22651,2004,8,18,231,2004-08-18,14.59,27.23,23.51,2.4,2.1,19.79,28.55,0.42,15.96,13.95,67.62,7.23
-97.752155,30.275211,2004,8,18,231,2004-08-18,13.49,27.56,23,2.58,2.1,18.44,29.11,0.42,15.96,15.38,62.44,7.23
-97.758643,30.23219,2004,8,18,231,2004-08-18,14.59,27.23,23.51,2.4,2.1,19.79,28.55,0.42,15.96,13.95,67.62,7.23
-97.733164,30.369642,2004,8,18,231,2004-08-18,13.49,27.56,23,2.58,2.1,18.44,29.11,0.42,15.96,15.38,62.44,7.23
-97.780674,30.375748,2004,8,18,231,2004-08-18,13.49,27.56,23,2.58,2.1,18.44,29.11,0.42,15.96,15.38,62.44,7.23
-97.72402,30.383796,2004,8,18,231,2004-08-18,13.49,27.56,23,2.58,2.1,18.44,29.11,0.42,15.96,15.38,62.44,7.23
-97.708533,30.351231,2004,8,18,231,2004-08-18,13.49,27.56,23,2.58,2.1,18.44,29.11,0.42,15.96,15.38,62.44,7.23
-97.798801,30.237956,2004,8,18,231,2004-08-18,14.59,27.23,23.51,2.4,2.1,19.79,28.55,0.42,15.96,13.95,67.62,7.23
-97.801317,30.354163,2004,8,18,231,2004-08-18,13.49,27.56,23,2.58,2.1,18.44,29.11,0.42,15.96,15.38,62.44,7.23
-97.753644,30.22651,2004,8,18,231,2004-08-18,14.59,27.23,23.51,2.4,2.1,19.79,28.55,0.42,15.96,13.95,67.62,7.23
-97.746495,30.274242,2004,8,18,231,2004-08-18,13.49,27.56,23,2.58,2.1,18.44,29.11,0.42,15.96,15.38,62.44,7.23
-97.749184,30.377341,2004,8,18,231,2004-08-18,13.49,27.56,23,2.58,2.1,18.44,29.11,0.42,15.96,15.38,62.44,7.23
-97.71205,30.343108,2004,8,18,231,2004-08-18,13.49,27.56,23,2.58,2.1,18.44,29.11,0.42,15.96,15.38,62.44,7.23
-97.74443,30.383019,2004,8,18,231,2004-08-18,13.49,27.56,23,2.58,2.1,18.44,29.11,0.42,15.96,15.38,62.44,7.23
-97.806494,30.209674,2004,8,18,231,2004-08-18,14.59,27.23,23.51,2.4,2.1,19.79,28.55,0.42,15.96,13.95,67.62,7.23
-97.755495,30.236528,2004,8,18,231,2004-08-18,14.59,27.23,23.51,2.4,2.1,19.79,28.55,0.42,15.96,13.95,67.62,7.23
-97.803451,30.47181,2004,8,18,231,2004-08-18,13.49,27.56,23,2.58,2.1,18.44,29.11,0.42,15.96,15.38,62.44,7.23
-97.793026,30.448024,2004,8,18,231,2004-08-18,13.49,27.56,23,2.58,2.1,18.44,29.11,0.42,15.96,15.38,62.44,7.23
-97.713748,30.345243,2004,8,18,231,2004-08-18,13.49,27.56,23,2.58,2.1,18.44,29.11,0.42,15.96,15.38,62.44,7.23
-97.73341,30.381639,2004,8,18,231,2004-08-18,13.49,27.56,23,2.58,2.1,18.44,29.11,0.42,15.96,15.38,62.44,7.23
-97.640502,30.200554,2004,8,18,231,2004-08-18,14.59,27.23,23.51,2.4,2.1,19.79,28.55,0.42,15.96,13.95,67.62,7.23
-97.724813,30.376708,2004,8,18,231,2004-08-18,13.49,27.56,23,2.58,2.1,18.44,29.11,0.42,15.96,15.38,62.44,7.23
-97.754173,30.376358,2004,8,18,231,2004-08-18,13.49,27.56,23,2.58,2.1,18.44,29.11,0.42,15.96,15.38,62.44,7.23
-97.784355,30.227729,2004,8,18,231,2004-08-18,14.59,27.23,23.51,2.4,2.1,19.79,28.55,0.42,15.96,13.95,67.62,7.23
-97.72377,30.378305,2004,8,18,231,2004-08-18,13.49,27.56,23,2.58,2.1,18.44,29.11,0.42,15.96,15.38,62.44,7.23
-97.729843,30.376605,2004,8,18,231,2004-08-18,13.49,27.56,23,2.58,2.1,18.44,29.11,0.42,15.96,15.38,62.44,7.23
-97.827223,30.219011,2004,8,18,231,2004-08-18,14.34,27.09,23.19,2.7,2.1,19.3,28.58,0.42,15.96,12.88,65.75,7.23
-97.725351,30.377962,2004,8,18,231,2004-08-18,13.49,27.56,23,2.58,2.1,18.44,29.11,0.42,15.96,15.38,62.44,7.23
-97.740294,30.372828,2004,8,18,231,2004-08-18,13.49,27.56,23,2.58,2.1,18.44,29.11,0.42,15.96,15.38,62.44,7.23
-97.719785,30.298422,2004,8,18,231,2004-08-18,13.49,27.56,23,2.58,2.1,18.44,29.11,0.42,15.96,15.38,62.44,7.23
-97.739432,30.374913,2004,8,18,231,2004-08-18,13.49,27.56,23,2.58,2.1,18.44,29.11,0.42,15.96,15.38,62.44,7.23
-97.743918,30.272189,2004,8,18,231,2004-08-18,13.49,27.56,23,2.58,2.1,18.44,29.11,0.42,15.96,15.38,62.44,7.23
-97.833749,30.177848,2004,8,18,231,2004-08-18,14.34,27.09,23.19,2.7,2.1,19.3,28.58,0.42,15.96,12.88,65.75,7.23
-97.752189,30.394445,2004,8,18,231,2004-08-18,13.49,27.56,23,2.58,2.1,18.44,29.11,0.42,15.96,15.38,62.44,7.23
-97.770354,30.470818,2004,8,18,231,2004-08-18,13.49,27.56,23,2.58,2.1,18.44,29.11,0.42,15.96,15.38,62.44,7.23
-97.759993,30.250252,2004,8,18,231,2004-08-18,13.49,27.56,23,2.58,2.1,18.44,29.11,0.42,15.96,15.38,62.44,7.23
-97.675511,30.338198,2004,8,18,231,2004-08-18,13.49,27.56,23,2.58,2.1,18.44,29.11,0.42,15.96,15.38,62.44,7.23
-97.880052,30.201123,2004,8,18,231,2004-08-18,14.34,27.09,23.19,2.7,2.1,19.3,28.58,0.42,15.96,12.88,65.75,7.23
-97.745842,30.405013,2004,8,18,231,2004-08-18,13.49,27.56,23,2.58,2.1,18.44,29.11,0.42,15.96,15.38,62.44,7.23
-97.742042,30.270141,2004,8,18,231,2004-08-18,13.49,27.56,23,2.58,2.1,18.44,29.11,0.42,15.96,15.38,62.44,7.23
-97.838404,30.20151,2004,8,18,231,2004-08-18,14.34,27.09,23.19,2.7,2.1,19.3,28.58,0.42,15.96,12.88,65.75,7.23
-97.788945,30.3685,2004,8,18,231,2004-08-18,13.49,27.56,23,2.58,2.1,18.44,29.11,0.42,15.96,15.38,62.44,7.23
-97.737736,30.370026,2004,8,18,231,2004-08-18,13.49,27.56,23,2.58,2.1,18.44,29.11,0.42,15.96,15.38,62.44,7.23
-97.756258,30.227797,2004,8,18,231,2004-08-18,14.59,27.23,23.51,2.4,2.1,19.79,28.55,0.42,15.96,13.95,67.62,7.23
-97.697714,30.302589,2004,8,18,231,2004-08-18,13.49,27.56,23,2.58,2.1,18.44,29.11,0.42,15.96,15.38,62.44,7.23
-97.840375,30.222911,2004,8,18,231,2004-08-18,14.34,27.09,23.19,2.7,2.1,19.3,28.58,0.42,15.96,12.88,65.75,7.23
-97.765687,30.482292,2004,8,18,231,2004-08-18,13.49,27.56,23,2.58,2.1,18.44,29.11,0.42,15.96,15.38,62.44,7.23
-97.684962,30.269917,2004,8,18,231,2004-08-18,13.49,27.56,23,2.58,2.1,18.44,29.11,0.42,15.96,15.38,62.44,7.23
-97.796329,30.214831,2004,8,18,231,2004-08-18,14.59,27.23,23.51,2.4,2.1,19.79,28.55,0.42,15.96,13.95,67.62,7.23
-97.675206,30.3363,2004,8,18,231,2004-08-18,13.49,27.56,23,2.58,2.1,18.44,29.11,0.42,15.96,15.38,62.44,7.23
-97.792522,30.458839,2004,8,18,231,2004-08-18,13.49,27.56,23,2.58,2.1,18.44,29.11,0.42,15.96,15.38,62.44,7.23
-97.752946,30.456746,2004,8,18,231,2004-08-18,13.49,27.56,23,2.58,2.1,18.44,29.11,0.42,15.96,15.38,62.44,7.23
-97.813936,30.166195,2004,8,18,231,2004-08-18,14.34,27.09,23.19,2.7,2.1,19.3,28.58,0.42,15.96,12.88,65.75,7.23
-97.725428,30.399288,2004,8,18,231,2004-08-18,13.49,27.56,23,2.58,2.1,18.44,29.11,0.42,15.96,15.38,62.44,7.23
-97.721043,30.375038,2004,8,18,231,2004-08-18,13.49,27.56,23,2.58,2.1,18.44,29.11,0.42,15.96,15.38,62.44,7.23
-97.662208,30.33785,2004,8,18,231,2004-08-18,13.49,27.56,23,2.58,2.1,18.44,29.11,0.42,15.96,15.38,62.44,7.23
-97.682939,30.337976,2004,8,18,231,2004-08-18,13.49,27.56,23,2.58,2.1,18.44,29.11,0.42,15.96,15.38,62.44,7.23
-97.765457,30.435703,2004,8,18,231,2004-08-18,13.49,27.56,23,2.58,2.1,18.44,29.11,0.42,15.96,15.38,62.44,7.23
-97.745915,30.392622,2004,8,18,231,2004-08-18,13.49,27.56,23,2.58,2.1,18.44,29.11,0.42,15.96,15.38,62.44,7.23
-97.701386,30.194624,2004,8,18,231,2004-08-18,14.59,27.23,23.51,2.4,2.1,19.79,28.55,0.42,15.96,13.95,67.62,7.23
-97.727521,30.374081,2004,8,18,231,2004-08-18,13.49,27.56,23,2.58,2.1,18.44,29.11,0.42,15.96,15.38,62.44,7.23
-97.755112,30.236976,2004,8,18,231,2004-08-18,14.59,27.23,23.51,2.4,2.1,19.79,28.55,0.42,15.96,13.95,67.62,7.23
-97.753644,30.22651,2004,8,18,231,2004-08-18,14.59,27.23,23.51,2.4,2.1,19.79,28.55,0.42,15.96,13.95,67.62,7.23
-97.720861,30.337337,2004,8,18,231,2004-08-18,13.49,27.56,23,2.58,2.1,18.44,29.11,0.42,15.96,15.38,62.44,7.23
-97.805068,30.337341,2004,8,18,231,2004-08-18,13.49,27.56,23,2.58,2.1,18.44,29.11,0.42,15.96,15.38,62.44,7.23
-97.798581,30.175385,2004,8,18,231,2004-08-18,14.59,27.23,23.51,2.4,2.1,19.79,28.55,0.42,15.96,13.95,67.62,7.23
-97.778025,30.228064,2004,8,18,231,2004-08-18,14.59,27.23,23.51,2.4,2.1,19.79,28.55,0.42,15.96,13.95,67.62,7.23
-97.735864,30.386087,2004,8,18,231,2004-08-18,13.49,27.56,23,2.58,2.1,18.44,29.11,0.42,15.96,15.38,62.44,7.23
-97.684382,30.339547,2004,8,18,231,2004-08-18,13.49,27.56,23,2.58,2.1,18.44,29.11,0.42,15.96,15.38,62.44,7.23
-97.661231,30.337857,2004,8,18,231,2004-08-18,13.49,27.56,23,2.58,2.1,18.44,29.11,0.42,15.96,15.38,62.44,7.23
-97.719236,30.373732,2004,8,18,231,2004-08-18,13.49,27.56,23,2.58,2.1,18.44,29.11,0.42,15.96,15.38,62.44,7.23
-97.79046,30.170018,2004,8,18,231,2004-08-18,14.59,27.23,23.51,2.4,2.1,19.79,28.55,0.42,15.96,13.95,67.62,7.23
-97.770354,30.470818,2004,8,18,231,2004-08-18,13.49,27.56,23,2.58,2.1,18.44,29.11,0.42,15.96,15.38,62.44,7.23
-97.698008,30.361319,2004,8,18,231,2004-08-18,13.49,27.56,23,2.58,2.1,18.44,29.11,0.42,15.96,15.38,62.44,7.23
-97.732243,30.432211,2004,8,18,231,2004-08-18,13.49,27.56,23,2.58,2.1,18.44,29.11,0.42,15.96,15.38,62.44,7.23
-97.775568,30.480725,2004,8,18,231,2004-08-18,13.49,27.56,23,2.58,2.1,18.44,29.11,0.42,15.96,15.38,62.44,7.23
-97.756258,30.227797,2004,8,18,231,2004-08-18,14.59,27.23,23.51,2.4,2.1,19.79,28.55,0.42,15.96,13.95,67.62,7.23
-97.798581,30.175385,2004,8,18,231,2004-08-18,14.59,27.23,23.51,2.4,2.1,19.79,28.55,0.42,15.96,13.95,67.62,7.23
-97.753868,30.386705,2004,8,18,231,2004-08-18,13.49,27.56,23,2.58,2.1,18.44,29.11,0.42,15.96,15.38,62.44,7.23
-97.672526,30.339605,2004,8,18,231,2004-08-18,13.49,27.56,23,2.58,2.1,18.44,29.11,0.42,15.96,15.38,62.44,7.23
-97.756258,30.227797,2004,8,18,231,2004-08-18,14.59,27.23,23.51,2.4,2.1,19.79,28.55,0.42,15.96,13.95,67.62,7.23
-97.701057,30.194355,2004,8,18,231,2004-08-18,14.59,27.23,23.51,2.4,2.1,19.79,28.55,0.42,15.96,13.95,67.62,7.23
-97.797697,30.354368,2004,8,18,231,2004-08-18,13.49,27.56,23,2.58,2.1,18.44,29.11,0.42,15.96,15.38,62.44,7.23
-97.738103,30.367371,2004,8,18,231,2004-08-18,13.49,27.56,23,2.58,2.1,18.44,29.11,0.42,15.96,15.38,62.44,7.23
-97.761251,30.388283,2004,8,18,231,2004-08-18,13.49,27.56,23,2.58,2.1,18.44,29.11,0.42,15.96,15.38,62.44,7.23
-97.767422,30.436101,2004,8,18,231,2004-08-18,13.49,27.56,23,2.58,2.1,18.44,29.11,0.42,15.96,15.38,62.44,7.23
-97.697302,30.211399,2004,8,18,231,2004-08-18,14.59,27.23,23.51,2.4,2.1,19.79,28.55,0.42,15.96,13.95,67.62,7.23
-97.719562,30.368697,2004,8,18,231,2004-08-18,13.49,27.56,23,2.58,2.1,18.44,29.11,0.42,15.96,15.38,62.44,7.23
-97.741813,30.362549,2004,8,18,231,2004-08-18,13.49,27.56,23,2.58,2.1,18.44,29.11,0.42,15.96,15.38,62.44,7.23
-97.708674,30.321125,2004,8,18,231,2004-08-18,13.49,27.56,23,2.58,2.1,18.44,29.11,0.42,15.96,15.38,62.44,7.23
-97.734498,30.350217,2004,8,18,231,2004-08-18,13.49,27.56,23,2.58,2.1,18.44,29.11,0.42,15.96,15.38,62.44,7.23
-97.724605,30.381209,2004,8,18,231,2004-08-18,13.49,27.56,23,2.58,2.1,18.44,29.11,0.42,15.96,15.38,62.44,7.23
-97.714229,30.313651,2004,8,18,231,2004-08-18,13.49,27.56,23,2.58,2.1,18.44,29.11,0.42,15.96,15.38,62.44,7.23
-97.743197,30.427989,2004,8,18,231,2004-08-18,13.49,27.56,23,2.58,2.1,18.44,29.11,0.42,15.96,15.38,62.44,7.23
-97.789696,30.205258,2004,8,18,231,2004-08-18,14.59,27.23,23.51,2.4,2.1,19.79,28.55,0.42,15.96,13.95,67.62,7.23
-97.631869,30.319978,2004,8,18,231,2004-08-18,13.49,27.56,23,2.58,2.1,18.44,29.11,0.42,15.96,15.38,62.44,7.23
-97.727451,30.240852,2004,8,18,231,2004-08-18,14.59,27.23,23.51,2.4,2.1,19.79,28.55,0.42,15.96,13.95,67.62,7.23
-97.794525,30.475151,2004,8,18,231,2004-08-18,13.49,27.56,23,2.58,2.1,18.44,29.11,0.42,15.96,15.38,62.44,7.23
-97.756318,30.272429,2004,8,18,231,2004-08-18,13.49,27.56,23,2.58,2.1,18.44,29.11,0.42,15.96,15.38,62.44,7.23
-97.74646,30.428368,2004,8,18,231,2004-08-18,13.49,27.56,23,2.58,2.1,18.44,29.11,0.42,15.96,15.38,62.44,7.23
-97.743085,30.384249,2004,8,18,231,2004-08-18,13.49,27.56,23,2.58,2.1,18.44,29.11,0.42,15.96,15.38,62.44,7.23
-97.706498,30.333921,2004,8,18,231,2004-08-18,13.49,27.56,23,2.58,2.1,18.44,29.11,0.42,15.96,15.38,62.44,7.23
-97.740523,30.37219,2004,8,18,231,2004-08-18,13.49,27.56,23,2.58,2.1,18.44,29.11,0.42,15.96,15.38,62.44,7.23
-97.756258,30.227797,2004,8,18,231,2004-08-18,14.59,27.23,23.51,2.4,2.1,19.79,28.55,0.42,15.96,13.95,67.62,7.23
-97.731553,30.396975,2004,8,18,231,2004-08-18,13.49,27.56,23,2.58,2.1,18.44,29.11,0.42,15.96,15.38,62.44,7.23
-97.671954,30.293877,2004,8,18,231,2004-08-18,13.49,27.56,23,2.58,2.1,18.44,29.11,0.42,15.96,15.38,62.44,7.23
-97.678695,30.352956,2004,8,18,231,2004-08-18,13.49,27.56,23,2.58,2.1,18.44,29.11,0.42,15.96,15.38,62.44,7.23
-97.744858,30.199287,2004,8,18,231,2004-08-18,14.59,27.23,23.51,2.4,2.1,19.79,28.55,0.42,15.96,13.95,67.62,7.23
-97.736419,30.355405,2004,8,18,231,2004-08-18,13.49,27.56,23,2.58,2.1,18.44,29.11,0.42,15.96,15.38,62.44,7.23
-97.744862,30.362018,2004,8,18,231,2004-08-18,13.49,27.56,23,2.58,2.1,18.44,29.11,0.42,15.96,15.38,62.44,7.23
-97.756258,30.227797,2004,8,18,231,2004-08-18,14.59,27.23,23.51,2.4,2.1,19.79,28.55,0.42,15.96,13.95,67.62,7.23
-97.77023,30.433983,2004,8,18,231,2004-08-18,13.49,27.56,23,2.58,2.1,18.44,29.11,0.42,15.96,15.38,62.44,7.23
-97.756258,30.227797,2004,8,18,231,2004-08-18,14.59,27.23,23.51,2.4,2.1,19.79,28.55,0.42,15.96,13.95,67.62,7.23
-97.862021,30.199387,2004,8,18,231,2004-08-18,14.34,27.09,23.19,2.7,2.1,19.3,28.58,0.42,15.96,12.88,65.75,7.23
-97.69823,30.365894,2004,8,18,231,2004-08-18,13.49,27.56,23,2.58,2.1,18.44,29.11,0.42,15.96,15.38,62.44,7.23
-97.673737,30.331736,2004,8,18,231,2004-08-18,13.49,27.56,23,2.58,2.1,18.44,29.11,0.42,15.96,15.38,62.44,7.23
-97.739818,30.363466,2004,8,18,231,2004-08-18,13.49,27.56,23,2.58,2.1,18.44,29.11,0.42,15.96,15.38,62.44,7.23
-97.720228,30.369549,2004,8,18,231,2004-08-18,13.49,27.56,23,2.58,2.1,18.44,29.11,0.42,15.96,15.38,62.44,7.23
-97.789447,30.228193,2004,8,18,231,2004-08-18,14.59,27.23,23.51,2.4,2.1,19.79,28.55,0.42,15.96,13.95,67.62,7.23
-97.742062,30.270085,2004,8,18,231,2004-08-18,13.49,27.56,23,2.58,2.1,18.44,29.11,0.42,15.96,15.38,62.44,7.23
-97.73325,30.375479,2004,8,18,231,2004-08-18,13.49,27.56,23,2.58,2.1,18.44,29.11,0.42,15.96,15.38,62.44,7.23
-97.739818,30.363466,2004,8,18,231,2004-08-18,13.49,27.56,23,2.58,2.1,18.44,29.11,0.42,15.96,15.38,62.44,7.23
-97.774914,30.197531,2004,8,18,231,2004-08-18,14.59,27.23,23.51,2.4,2.1,19.79,28.55,0.42,15.96,13.95,67.62,7.23
-97.751518,30.27656,2004,8,18,231,2004-08-18,13.49,27.56,23,2.58,2.1,18.44,29.11,0.42,15.96,15.38,62.44,7.23
-97.742968,30.383834,2004,8,18,231,2004-08-18,13.49,27.56,23,2.58,2.1,18.44,29.11,0.42,15.96,15.38,62.44,7.23
-97.663182,30.212061,2004,8,18,231,2004-08-18,14.59,27.23,23.51,2.4,2.1,19.79,28.55,0.42,15.96,13.95,67.62,7.23
-97.745842,30.405013,2004,8,18,231,2004-08-18,13.49,27.56,23,2.58,2.1,18.44,29.11,0.42,15.96,15.38,62.44,7.23
-97.716097,30.357662,2004,8,18,231,2004-08-18,13.49,27.56,23,2.58,2.1,18.44,29.11,0.42,15.96,15.38,62.44,7.23
-97.743197,30.427989,2004,8,18,231,2004-08-18,13.49,27.56,23,2.58,2.1,18.44,29.11,0.42,15.96,15.38,62.44,7.23
-97.637154,30.302552,2004,8,18,231,2004-08-18,13.49,27.56,23,2.58,2.1,18.44,29.11,0.42,15.96,15.38,62.44,7.23
-97.707402,30.352038,2004,8,18,231,2004-08-18,13.49,27.56,23,2.58,2.1,18.44,29.11,0.42,15.96,15.38,62.44,7.23
-97.756278,30.388237,2004,8,18,231,2004-08-18,13.49,27.56,23,2.58,2.1,18.44,29.11,0.42,15.96,15.38,62.44,7.23
-97.756258,30.227797,2004,8,18,231,2004-08-18,14.59,27.23,23.51,2.4,2.1,19.79,28.55,0.42,15.96,13.95,67.62,7.23
-97.703436,30.354942,2004,8,18,231,2004-08-18,13.49,27.56,23,2.58,2.1,18.44,29.11,0.42,15.96,15.38,62.44,7.23
-97.754017,30.169767,2004,8,18,231,2004-08-18,14.59,27.23,23.51,2.4,2.1,19.79,28.55,0.42,15.96,13.95,67.62,7.23
-97.664784,30.318129,2004,8,18,231,2004-08-18,13.49,27.56,23,2.58,2.1,18.44,29.11,0.42,15.96,15.38,62.44,7.23
-97.727719,30.373498,2004,8,18,231,2004-08-18,13.49,27.56,23,2.58,2.1,18.44,29.11,0.42,15.96,15.38,62.44,7.23
-97.849186,30.40515,2004,8,18,231,2004-08-18,13.49,27.26,22.72,2.74,2.1,18.17,28.74,0.42,15.96,14.34,61.56,7.23
-97.753644,30.22651,2004,8,18,231,2004-08-18,14.59,27.23,23.51,2.4,2.1,19.79,28.55,0.42,15.96,13.95,67.62,7.23
-97.707852,30.351717,2004,8,18,231,2004-08-18,13.49,27.56,23,2.58,2.1,18.44,29.11,0.42,15.96,15.38,62.44,7.23
-97.881579,30.229641,2004,8,18,231,2004-08-18,14.34,27.09,23.19,2.7,2.1,19.3,28.58,0.42,15.96,12.88,65.75,7.23
-97.847562,30.391744,2004,8,18,231,2004-08-18,13.49,27.26,22.72,2.74,2.1,18.17,28.74,0.42,15.96,14.34,61.56,7.23
-97.694672,30.195215,2004,8,18,231,2004-08-18,14.59,27.23,23.51,2.4,2.1,19.79,28.55,0.42,15.96,13.95,67.62,7.23
-97.745842,30.405013,2004,8,18,231,2004-08-18,13.49,27.56,23,2.58,2.1,18.44,29.11,0.42,15.96,15.38,62.44,7.23
-97.7475,30.361124,2004,8,18,231,2004-08-18,13.49,27.56,23,2.58,2.1,18.44,29.11,0.42,15.96,15.38,62.44,7.23
-97.758795,30.353423,2004,8,18,231,2004-08-18,13.49,27.56,23,2.58,2.1,18.44,29.11,0.42,15.96,15.38,62.44,7.23
-97.745842,30.405013,2004,8,18,231,2004-08-18,13.49,27.56,23,2.58,2.1,18.44,29.11,0.42,15.96,15.38,62.44,7.23
-97.721997,30.271355,2004,8,18,231,2004-08-18,13.49,27.56,23,2.58,2.1,18.44,29.11,0.42,15.96,15.38,62.44,7.23
-97.739056,30.385928,2004,8,18,231,2004-08-18,13.49,27.56,23,2.58,2.1,18.44,29.11,0.42,15.96,15.38,62.44,7.23
-97.753644,30.22651,2004,8,18,231,2004-08-18,14.59,27.23,23.51,2.4,2.1,19.79,28.55,0.42,15.96,13.95,67.62,7.23
-97.713074,30.406631,2004,8,18,231,2004-08-18,13.49,27.56,23,2.58,2.1,18.44,29.11,0.42,15.96,15.38,62.44,7.23
-97.811655,30.229372,2004,8,18,231,2004-08-18,14.59,27.23,23.51,2.4,2.1,19.79,28.55,0.42,15.96,13.95,67.62,7.23
-97.785477,30.194968,2004,8,18,231,2004-08-18,14.59,27.23,23.51,2.4,2.1,19.79,28.55,0.42,15.96,13.95,67.62,7.23
-97.684987,30.251473,2004,8,18,231,2004-08-18,13.49,27.56,23,2.58,2.1,18.44,29.11,0.42,15.96,15.38,62.44,7.23
-97.741802,30.264698,2004,8,18,231,2004-08-18,13.49,27.56,23,2.58,2.1,18.44,29.11,0.42,15.96,15.38,62.44,7.23
-97.733069,30.382402,2004,8,18,231,2004-08-18,13.49,27.56,23,2.58,2.1,18.44,29.11,0.42,15.96,15.38,62.44,7.23
-97.695929,30.364998,2004,8,18,231,2004-08-18,13.49,27.56,23,2.58,2.1,18.44,29.11,0.42,15.96,15.38,62.44,7.23
-97.753644,30.22651,2004,8,18,231,2004-08-18,14.59,27.23,23.51,2.4,2.1,19.79,28.55,0.42,15.96,13.95,67.62,7.23
-97.694381,30.213047,2004,8,18,231,2004-08-18,14.59,27.23,23.51,2.4,2.1,19.79,28.55,0.42,15.96,13.95,67.62,7.23
-97.717952,30.37592,2004,8,18,231,2004-08-18,13.49,27.56,23,2.58,2.1,18.44,29.11,0.42,15.96,15.38,62.44,7.23
-97.668444,30.329406,2004,8,18,231,2004-08-18,13.49,27.56,23,2.58,2.1,18.44,29.11,0.42,15.96,15.38,62.44,7.23
-97.722408,30.370917,2004,8,18,231,2004-08-18,13.49,27.56,23,2.58,2.1,18.44,29.11,0.42,15.96,15.38,62.44,7.23
-97.732243,30.432211,2004,8,18,231,2004-08-18,13.49,27.56,23,2.58,2.1,18.44,29.11,0.42,15.96,15.38,62.44,7.23
-97.671253,30.335765,2004,8,18,231,2004-08-18,13.49,27.56,23,2.58,2.1,18.44,29.11,0.42,15.96,15.38,62.44,7.23
-97.753644,30.22651,2004,8,18,231,2004-08-18,14.59,27.23,23.51,2.4,2.1,19.79,28.55,0.42,15.96,13.95,67.62,7.23
-97.74523,30.391029,2004,8,18,231,2004-08-18,13.49,27.56,23,2.58,2.1,18.44,29.11,0.42,15.96,15.38,62.44,7.23
-97.700538,30.334198,2004,8,18,231,2004-08-18,13.49,27.56,23,2.58,2.1,18.44,29.11,0.42,15.96,15.38,62.44,7.23
-97.686024,30.354036,2004,8,18,231,2004-08-18,13.49,27.56,23,2.58,2.1,18.44,29.11,0.42,15.96,15.38,62.44,7.23
-97.755686,30.424766,2004,8,18,231,2004-08-18,13.49,27.56,23,2.58,2.1,18.44,29.11,0.42,15.96,15.38,62.44,7.23
-97.73093,30.269836,2004,8,18,231,2004-08-18,13.49,27.56,23,2.58,2.1,18.44,29.11,0.42,15.96,15.38,62.44,7.23
-97.655709,30.328935,2004,8,18,231,2004-08-18,13.49,27.56,23,2.58,2.1,18.44,29.11,0.42,15.96,15.38,62.44,7.23
-97.736419,30.355405,2004,8,18,231,2004-08-18,13.49,27.56,23,2.58,2.1,18.44,29.11,0.42,15.96,15.38,62.44,7.23
-97.772819,30.468087,2004,8,18,231,2004-08-18,13.49,27.56,23,2.58,2.1,18.44,29.11,0.42,15.96,15.38,62.44,7.23
-97.754674,30.394864,2004,8,18,231,2004-08-18,13.49,27.56,23,2.58,2.1,18.44,29.11,0.42,15.96,15.38,62.44,7.23
-97.765249,30.477817,2004,8,18,231,2004-08-18,13.49,27.56,23,2.58,2.1,18.44,29.11,0.42,15.96,15.38,62.44,7.23
-97.678556,30.405944,2004,8,18,231,2004-08-18,13.49,27.56,23,2.58,2.1,18.44,29.11,0.42,15.96,15.38,62.44,7.23
-97.706906,30.39182,2004,8,18,231,2004-08-18,13.49,27.56,23,2.58,2.1,18.44,29.11,0.42,15.96,15.38,62.44,7.23
-97.794825,30.480253,2004,8,18,231,2004-08-18,13.49,27.56,23,2.58,2.1,18.44,29.11,0.42,15.96,15.38,62.44,7.23
-97.693197,30.333648,2004,8,18,231,2004-08-18,13.49,27.56,23,2.58,2.1,18.44,29.11,0.42,15.96,15.38,62.44,7.23
-97.838007,30.202167,2004,8,18,231,2004-08-18,14.34,27.09,23.19,2.7,2.1,19.3,28.58,0.42,15.96,12.88,65.75,7.23
-97.86853,30.317588,2004,8,18,231,2004-08-18,13.49,27.26,22.72,2.74,2.1,18.17,28.74,0.42,15.96,14.34,61.56,7.23
-97.729899,30.359743,2004,8,18,231,2004-08-18,13.49,27.56,23,2.58,2.1,18.44,29.11,0.42,15.96,15.38,62.44,7.23
-97.755818,30.427918,2004,8,18,231,2004-08-18,13.49,27.56,23,2.58,2.1,18.44,29.11,0.42,15.96,15.38,62.44,7.23
-97.712082,30.392744,2004,8,18,231,2004-08-18,13.49,27.56,23,2.58,2.1,18.44,29.11,0.42,15.96,15.38,62.44,7.23
-97.757869,30.370335,2004,8,18,231,2004-08-18,13.49,27.56,23,2.58,2.1,18.44,29.11,0.42,15.96,15.38,62.44,7.23
-97.753644,30.22651,2004,8,18,231,2004-08-18,14.59,27.23,23.51,2.4,2.1,19.79,28.55,0.42,15.96,13.95,67.62,7.23
-97.801317,30.354163,2004,8,18,231,2004-08-18,13.49,27.56,23,2.58,2.1,18.44,29.11,0.42,15.96,15.38,62.44,7.23
-97.676647,30.349004,2004,8,18,231,2004-08-18,13.49,27.56,23,2.58,2.1,18.44,29.11,0.42,15.96,15.38,62.44,7.23
-97.788945,30.3685,2004,8,18,231,2004-08-18,13.49,27.56,23,2.58,2.1,18.44,29.11,0.42,15.96,15.38,62.44,7.23
-97.666409,30.421965,2004,8,18,231,2004-08-18,13.49,27.56,23,2.58,2.1,18.44,29.11,0.42,15.96,15.38,62.44,7.23
-97.697714,30.302589,2004,8,18,231,2004-08-18,13.49,27.56,23,2.58,2.1,18.44,29.11,0.42,15.96,15.38,62.44,7.23
-97.745057,30.265936,2004,8,18,231,2004-08-18,13.49,27.56,23,2.58,2.1,18.44,29.11,0.42,15.96,15.38,62.44,7.23
-97.722999,30.387714,2004,8,18,231,2004-08-18,13.49,27.56,23,2.58,2.1,18.44,29.11,0.42,15.96,15.38,62.44,7.23
-97.726577,30.363947,2004,8,18,231,2004-08-18,13.49,27.56,23,2.58,2.1,18.44,29.11,0.42,15.96,15.38,62.44,7.23
-97.685946,30.358369,2004,8,18,231,2004-08-18,13.49,27.56,23,2.58,2.1,18.44,29.11,0.42,15.96,15.38,62.44,7.23
-97.696358,30.364261,2004,8,18,231,2004-08-18,13.49,27.56,23,2.58,2.1,18.44,29.11,0.42,15.96,15.38,62.44,7.23
-97.727023,30.291354,2004,8,18,231,2004-08-18,13.49,27.56,23,2.58,2.1,18.44,29.11,0.42,15.96,15.38,62.44,7.23
-97.709539,30.403125,2004,8,18,231,2004-08-18,13.49,27.56,23,2.58,2.1,18.44,29.11,0.42,15.96,15.38,62.44,7.23
-97.655632,30.327578,2004,8,18,231,2004-08-18,13.49,27.56,23,2.58,2.1,18.44,29.11,0.42,15.96,15.38,62.44,7.23
-97.71457,30.34836,2004,8,18,231,2004-08-18,13.49,27.56,23,2.58,2.1,18.44,29.11,0.42,15.96,15.38,62.44,7.23
-97.752369,30.27475,2004,8,18,231,2004-08-18,13.49,27.56,23,2.58,2.1,18.44,29.11,0.42,15.96,15.38,62.44,7.23
-97.74655,30.30194,2004,8,18,231,2004-08-18,13.49,27.56,23,2.58,2.1,18.44,29.11,0.42,15.96,15.38,62.44,7.23
-97.698989,30.251415,2004,8,18,231,2004-08-18,13.49,27.56,23,2.58,2.1,18.44,29.11,0.42,15.96,15.38,62.44,7.23
-97.680574,30.317979,2004,8,18,231,2004-08-18,13.49,27.56,23,2.58,2.1,18.44,29.11,0.42,15.96,15.38,62.44,7.23
-97.731977,30.354226,2004,8,18,231,2004-08-18,13.49,27.56,23,2.58,2.1,18.44,29.11,0.42,15.96,15.38,62.44,7.23
-97.837668,30.404295,2004,8,18,231,2004-08-18,13.49,27.26,22.72,2.74,2.1,18.17,28.74,0.42,15.96,14.34,61.56,7.23
-97.72469,30.380818,2004,8,18,231,2004-08-18,13.49,27.56,23,2.58,2.1,18.44,29.11,0.42,15.96,15.38,62.44,7.23
-97.732671,30.376824,2004,8,18,231,2004-08-18,13.49,27.56,23,2.58,2.1,18.44,29.11,0.42,15.96,15.38,62.44,7.23
-97.751746,30.267266,2004,8,18,231,2004-08-18,13.49,27.56,23,2.58,2.1,18.44,29.11,0.42,15.96,15.38,62.44,7.23
-97.720059,30.418872,2004,8,18,231,2004-08-18,13.49,27.56,23,2.58,2.1,18.44,29.11,0.42,15.96,15.38,62.44,7.23
-97.708879,30.345543,2004,8,18,231,2004-08-18,13.49,27.56,23,2.58,2.1,18.44,29.11,0.42,15.96,15.38,62.44,7.23
-97.725864,30.375618,2004,8,18,231,2004-08-18,13.49,27.56,23,2.58,2.1,18.44,29.11,0.42,15.96,15.38,62.44,7.23
-97.770116,30.434021,2004,8,18,231,2004-08-18,13.49,27.56,23,2.58,2.1,18.44,29.11,0.42,15.96,15.38,62.44,7.23
-97.778597,30.480701,2004,8,18,231,2004-08-18,13.49,27.56,23,2.58,2.1,18.44,29.11,0.42,15.96,15.38,62.44,7.23
-97.783306,30.17923,2004,8,18,231,2004-08-18,14.59,27.23,23.51,2.4,2.1,19.79,28.55,0.42,15.96,13.95,67.62,7.23
-97.755818,30.427918,2004,8,18,231,2004-08-18,13.49,27.56,23,2.58,2.1,18.44,29.11,0.42,15.96,15.38,62.44,7.23
-97.788945,30.3685,2004,8,18,231,2004-08-18,13.49,27.56,23,2.58,2.1,18.44,29.11,0.42,15.96,15.38,62.44,7.23
-97.756258,30.227797,2004,8,18,231,2004-08-18,14.59,27.23,23.51,2.4,2.1,19.79,28.55,0.42,15.96,13.95,67.62,7.23
-97.743619,30.272988,2004,8,18,231,2004-08-18,13.49,27.56,23,2.58,2.1,18.44,29.11,0.42,15.96,15.38,62.44,7.23
-97.798581,30.175385,2004,8,18,231,2004-08-18,14.59,27.23,23.51,2.4,2.1,19.79,28.55,0.42,15.96,13.95,67.62,7.23
-97.707964,30.351637,2004,8,18,231,2004-08-18,13.49,27.56,23,2.58,2.1,18.44,29.11,0.42,15.96,15.38,62.44,7.23
-97.756258,30.227797,2004,8,18,231,2004-08-18,14.59,27.23,23.51,2.4,2.1,19.79,28.55,0.42,15.96,13.95,67.62,7.23
-97.741694,30.304563,2004,8,18,231,2004-08-18,13.49,27.56,23,2.58,2.1,18.44,29.11,0.42,15.96,15.38,62.44,7.23
-97.756258,30.227797,2004,8,18,231,2004-08-18,14.59,27.23,23.51,2.4,2.1,19.79,28.55,0.42,15.96,13.95,67.62,7.23
-97.793958,30.23567,2004,8,18,231,2004-08-18,14.59,27.23,23.51,2.4,2.1,19.79,28.55,0.42,15.96,13.95,67.62,7.23
-97.793336,30.235992,2004,8,18,231,2004-08-18,14.59,27.23,23.51,2.4,2.1,19.79,28.55,0.42,15.96,13.95,67.62,7.23
-97.756258,30.227797,2004,8,18,231,2004-08-18,14.59,27.23,23.51,2.4,2.1,19.79,28.55,0.42,15.96,13.95,67.62,7.23
-97.737736,30.370026,2004,8,18,231,2004-08-18,13.49,27.56,23,2.58,2.1,18.44,29.11,0.42,15.96,15.38,62.44,7.23
-97.847562,30.391744,2004,8,18,231,2004-08-18,13.49,27.26,22.72,2.74,2.1,18.17,28.74,0.42,15.96,14.34,61.56,7.23
-97.740539,30.270193,2004,8,18,231,2004-08-18,13.49,27.56,23,2.58,2.1,18.44,29.11,0.42,15.96,15.38,62.44,7.23
-97.753644,30.22651,2004,8,18,231,2004-08-18,14.59,27.23,23.51,2.4,2.1,19.79,28.55,0.42,15.96,13.95,67.62,7.23
-97.743345,30.367116,2004,8,18,231,2004-08-18,13.49,27.56,23,2.58,2.1,18.44,29.11,0.42,15.96,15.38,62.44,7.23
-97.681423,30.35411,2004,8,18,231,2004-08-18,13.49,27.56,23,2.58,2.1,18.44,29.11,0.42,15.96,15.38,62.44,7.23
-97.776411,30.283727,2004,8,18,231,2004-08-18,13.49,27.56,23,2.58,2.1,18.44,29.11,0.42,15.96,15.38,62.44,7.23
-97.849186,30.40515,2004,8,18,231,2004-08-18,13.49,27.26,22.72,2.74,2.1,18.17,28.74,0.42,15.96,14.34,61.56,7.23
-97.821887,30.177113,2004,8,18,231,2004-08-18,14.34,27.09,23.19,2.7,2.1,19.3,28.58,0.42,15.96,12.88,65.75,7.23
-97.697968,30.261792,2004,8,18,231,2004-08-18,13.49,27.56,23,2.58,2.1,18.44,29.11,0.42,15.96,15.38,62.44,7.23
-97.692751,30.255014,2004,8,18,231,2004-08-18,13.49,27.56,23,2.58,2.1,18.44,29.11,0.42,15.96,15.38,62.44,7.23
-97.640492,30.310982,2004,8,18,231,2004-08-18,13.49,27.56,23,2.58,2.1,18.44,29.11,0.42,15.96,15.38,62.44,7.23
-97.758764,30.231991,2004,8,18,231,2004-08-18,14.59,27.23,23.51,2.4,2.1,19.79,28.55,0.42,15.96,13.95,67.62,7.23
-97.880052,30.201123,2004,8,18,231,2004-08-18,14.34,27.09,23.19,2.7,2.1,19.3,28.58,0.42,15.96,12.88,65.75,7.23
-97.780544,30.266158,2004,8,18,231,2004-08-18,13.49,27.56,23,2.58,2.1,18.44,29.11,0.42,15.96,15.38,62.44,7.23
-97.739668,30.325508,2004,8,18,231,2004-08-18,13.49,27.56,23,2.58,2.1,18.44,29.11,0.42,15.96,15.38,62.44,7.23
-97.718516,30.365682,2004,8,18,231,2004-08-18,13.49,27.56,23,2.58,2.1,18.44,29.11,0.42,15.96,15.38,62.44,7.23
-97.692861,30.255715,2004,8,18,231,2004-08-18,13.49,27.56,23,2.58,2.1,18.44,29.11,0.42,15.96,15.38,62.44,7.23
-97.763319,30.431583,2004,8,18,231,2004-08-18,13.49,27.56,23,2.58,2.1,18.44,29.11,0.42,15.96,15.38,62.44,7.23
-97.703772,30.377667,2004,8,18,231,2004-08-18,13.49,27.56,23,2.58,2.1,18.44,29.11,0.42,15.96,15.38,62.44,7.23
-97.695274,30.366147,2004,8,18,231,2004-08-18,13.49,27.56,23,2.58,2.1,18.44,29.11,0.42,15.96,15.38,62.44,7.23
-97.79909,30.232228,2004,8,18,231,2004-08-18,14.59,27.23,23.51,2.4,2.1,19.79,28.55,0.42,15.96,13.95,67.62,7.23
-97.753644,30.22651,2004,8,18,231,2004-08-18,14.59,27.23,23.51,2.4,2.1,19.79,28.55,0.42,15.96,13.95,67.62,7.23
-97.801317,30.354163,2004,8,18,231,2004-08-18,13.49,27.56,23,2.58,2.1,18.44,29.11,0.42,15.96,15.38,62.44,7.23
-97.751746,30.267266,2004,8,18,231,2004-08-18,13.49,27.56,23,2.58,2.1,18.44,29.11,0.42,15.96,15.38,62.44,7.23
-97.707804,30.302176,2004,8,18,231,2004-08-18,13.49,27.56,23,2.58,2.1,18.44,29.11,0.42,15.96,15.38,62.44,7.23
-97.668105,30.331156,2004,8,18,231,2004-08-18,13.49,27.56,23,2.58,2.1,18.44,29.11,0.42,15.96,15.38,62.44,7.23
-97.696455,30.20692,2004,8,18,231,2004-08-18,14.59,27.23,23.51,2.4,2.1,19.79,28.55,0.42,15.96,13.95,67.62,7.23
-97.763964,30.235243,2004,8,18,231,2004-08-18,14.59,27.23,23.51,2.4,2.1,19.79,28.55,0.42,15.96,13.95,67.62,7.23
-97.69976,30.302389,2004,8,18,231,2004-08-18,13.49,27.56,23,2.58,2.1,18.44,29.11,0.42,15.96,15.38,62.44,7.23
-97.758643,30.23219,2004,8,18,231,2004-08-18,14.59,27.23,23.51,2.4,2.1,19.79,28.55,0.42,15.96,13.95,67.62,7.23
-97.828773,30.290786,2004,8,18,231,2004-08-18,13.49,27.26,22.72,2.74,2.1,18.17,28.74,0.42,15.96,14.34,61.56,7.23
-97.825921,30.234666,2004,8,18,231,2004-08-18,14.34,27.09,23.19,2.7,2.1,19.3,28.58,0.42,15.96,12.88,65.75,7.23
-97.753644,30.22651,2004,8,18,231,2004-08-18,14.59,27.23,23.51,2.4,2.1,19.79,28.55,0.42,15.96,13.95,67.62,7.23
-97.736568,30.373577,2004,8,18,231,2004-08-18,13.49,27.56,23,2.58,2.1,18.44,29.11,0.42,15.96,15.38,62.44,7.23
